1 0.0112890625 0.2558102189781022 0.022578125 0.018408759124087612
1 0.143486328125 0.2686131386861314 0.016328125000000027 0.031080291970802948
1 0.15869140625 0.3372262773722628 0.0390625 0.058394160583941604
1 0.18119140625 0.24578102189781023 0.010810546874999993 0.025854014598540115
1 0.244140625 0.44233576642335765 0.068359375 0.059854014598540145
1 0.247607421875 0.4434744525547445 0.05784179687500002 0.06309489051094895
1 0.45947265625 0.5138686131386861 0.0791015625 0.09343065693430656
1 0.5302734375 0.5080291970802919 0.07421875 0.14744525547445256
1 0.513671875 0.3467153284671533 0.0390625 0.040875912408759124
1 0.52880859375 0.28832116788321166 0.01171875 0.017518248175182483
1 0.54052734375 0.28613138686131384 0.01953125 0.014598540145985401
1 0.574736328125 0.2857080291970803 0.03411132812500006 0.016686131386861324
1 0.60009765625 0.2518248175182482 0.029296875 0.024817518248175182
1 0.616005859375 0.3426423357664234 0.03279296874999993 0.07070072992700731
1 0.76513671875 0.3343065693430657 0.0390625 0.06861313868613139
1 0.82958984375 0.33357664233576645 0.0595703125 0.07153284671532846
1 0.08228515625 0.2836204379562044 0.02320312499999999 0.024262773722627744
1 0.08611328125 0.27894890510948905 0.03197265625000001 0.02890510948905111
1 0.058896484375 0.25045255474452555 0.013076171874999987 0.024394160583941577
1 0.03916015625 0.2571824817518248 0.01904296875 0.016671532846715353
1 0.075986328125 0.25204379562043794 0.017255859375000016 0.018087591240875892
1 0.253564453125 0.28604379562043797 0.029580078124999964 0.02547445255474451
1 0.2856640625 0.30454014598540147 0.018027343750000036 0.025197080291970788
1 0.25673828125 0.2518540145985402 0.019306640624999982 0.014802919708029176
1 0.297490234375 0.28607299270072994 0.02263671874999995 0.016759124087591268
1 0.40625 0.26528467153284674 0.034912109375 0.029985401459854046
1 0.36830078125 0.2604379562043796 0.02107421875000004 0.022467153284671512
1 0.709365234375 0.25840875912408756 0.04148437500000002 0.03417518248175186
1 0.7528125 0.2583649635036496 0.04353515624999993 0.03719708029197083
1 0.780322265625 0.2634744525547445 0.01685546874999999 0.02186861313868616
1 0.803544921875 0.27373722627737224 0.028124999999999956 0.04102189781021901
1 0.824013671875 0.26874452554744527 0.02817382812499991 0.041270072992700704
1 0.82921875 0.2472846715328467 0.027050781250000044 0.03014598540145982