1 0.0087890625 0.28102189781021897 0.017578125 0.01897810218978102
1 0.13818359375 0.2875912408759124 0.0166015625 0.032116788321167884
1 0.1552734375 0.3554744525547445 0.0400390625 0.059854014598540145
1 0.17529296875 0.26277372262773724 0.01171875 0.026277372262773723
1 0.2431640625 0.4554744525547445 0.0693359375 0.06277372262773723
1 0.24658203125 0.4569343065693431 0.0595703125 0.06569343065693431
1 0.4599609375 0.516058394160584 0.0810546875 0.09781021897810219
1 0.5302734375 0.5065693430656935 0.0771484375 0.15182481751824817
1 0.51025390625 0.345985401459854 0.0400390625 0.042335766423357665
1 0.52392578125 0.28686131386861313 0.01171875 0.017518248175182483
1 0.53564453125 0.2839416058394161 0.01953125 0.016058394160583942
1 0.56982421875 0.28175182481751826 0.0341796875 0.01897810218978102
1 0.59423828125 0.24671532846715327 0.0302734375 0.026277372262773723
1 0.6123046875 0.3364963503649635 0.0341796875 0.072992700729927
1 0.76123046875 0.32043795620437954 0.041015625 0.07007299270072993
1 0.82568359375 0.3167883211678832 0.0615234375 0.07445255474452554
1 0.07763671875 0.30583941605839415 0.0234375 0.024817518248175182
1 0.0810546875 0.3007299270072993 0.0322265625 0.030656934306569343
1 0.05322265625 0.2737226277372263 0.013671875 0.024817518248175182
1 0.03369140625 0.28102189781021897 0.01953125 0.017518248175182483
1 0.0703125 0.27445255474452557 0.017578125 0.01897810218978102
1 0.24853515625 0.29927007299270075 0.0302734375 0.026277372262773723
1 0.28125 0.31605839416058396 0.0185546875 0.026277372262773723
1 0.2509765625 0.26496350364963506 0.01953125 0.016058394160583942
1 0.29248046875 0.29708029197080293 0.0234375 0.017518248175182483
1 0.40087890625 0.27007299270072993 0.03515625 0.032116788321167884
1 0.36279296875 0.2671532846715328 0.021484375 0.02335766423357664
1 0.70361328125 0.24744525547445256 0.0419921875 0.0364963503649635
1 0.7470703125 0.24525547445255474 0.0439453125 0.03941605839416058
1 0.7744140625 0.2489051094890511 0.017578125 0.02335766423357664
1 0.7978515625 0.2583941605839416 0.029296875 0.042335766423357665
1 0.818359375 0.2518248175182482 0.029296875 0.042335766423357665
1 0.8232421875 0.22992700729927007 0.02734375 0.032116788321167884