1 0.1376953125 0.5248901903367497 0.24609375 0.13616398243045388
1 0.07177734375 0.4428989751098097 0.1103515625 0.05124450951683748
1 0.91064453125 0.4136163982430454 0.0986328125 0.060029282576866766
1 0.91064453125 0.37994143484626647 0.1552734375 0.11859443631039532
1 0.6630859375 0.44363103953147875 0.087890625 0.07906295754026355
1 0.69287109375 0.42093704245973645 0.0693359375 0.05417276720351391
1 0.736328125 0.3784773060029283 0.060546875 0.06588579795021962
1 0.74853515625 0.3367496339677892 0.0693359375 0.07027818448023426
1 0.6875 0.34333821376281115 0.08203125 0.09809663250366032
1 0.6279296875 0.3579795021961933 0.08203125 0.06588579795021962
1 0.3115234375 0.3191800878477306 0.154296875 0.16691068814055637
1 0.15478515625 0.26500732064421667 0.1982421875 0.18448023426061494
1 0.19921875 0.1281112737920937 0.13671875 0.10395314787701318
1 0.57666015625 0.19765739385065886 0.1826171875 0.1698389458272328
1 0.48095703125 0.19546120058565153 0.1826171875 0.14494875549048317
1 0.32666015625 0.17935578330893118 0.0654296875 0.09224011713030747
1 0.24609375 0.22181551976573938 0.09375 0.08638360175695461
1 0.45947265625 0.3535871156661786 0.0947265625 0.08931185944363104
1 0.45361328125 0.39970717423133234 0.1337890625 0.1054172767203514
1 0.33154296875 0.42313323572474376 0.1259765625 0.06149341142020498
1 0.2197265625 0.4333821376281113 0.220703125 0.21961932650073207
1 0.12841796875 0.58199121522694 0.1865234375 0.191800878477306
1 0.4248046875 0.6054172767203514 0.17578125 0.10395314787701318
1 0.77734375 0.6874084919472914 0.2578125 0.1390922401171303
1 0.77880859375 0.637628111273792 0.0908203125 0.07759882869692533
1 0.82373046875 0.541727672035139 0.1162109375 0.12884333821376281
1 0.7529296875 0.45900439238653 0.068359375 0.08052708638360176
1 0.93896484375 0.5292825768667643 0.1220703125 0.10688140556368961
1 0.9677734375 0.6178623718887262 0.064453125 0.12005856515373353
1 0.798828125 0.5951683748169839 0.076171875 0.07174231332357248
1 0.68994140625 0.595900439238653 0.1123046875 0.09663250366032211
1 0.62255859375 0.6910688140556369 0.1552734375 0.20497803806734993
1 0.60595703125 0.8887262079062958 0.1728515625 0.2225475841874085
1 0.45654296875 0.8909224011713031 0.2646484375 0.21815519765739386
1 0.9013671875 0.8521229868228404 0.169921875 0.2869692532942899
1 0.75439453125 0.8440702781844802 0.2236328125 0.29428989751098095
1 0.318359375 0.6998535871156661 0.2783203125 0.33821376281112736
1 0.083984375 0.7928257686676428 0.16796875 0.3689604685212299
1 0.0888671875 0.7408491947291361 0.177734375 0.3718887262079063