1 0.1416015625 0.5812591508052709 0.25390625 0.17423133235724744
1 0.0703125 0.5102489019033675 0.11328125 0.06881405563689605
1 0.90234375 0.34992679355783307 0.1025390625 0.0746705710102489
1 0.89990234375 0.3162518301610542 0.1630859375 0.14202049780380674
1 0.658203125 0.41874084919472915 0.0927734375 0.09224011713030747
1 0.6865234375 0.39092240117130306 0.072265625 0.06442166910688141
1 0.7265625 0.3418740849194729 0.064453125 0.0746705710102489
1 0.73583984375 0.2986822840409956 0.07421875 0.08052708638360176
1 0.67578125 0.31478770131771594 0.0888671875 0.10980966325036604
1 0.6171875 0.3389458272327965 0.0859375 0.07906295754026355
1 0.2998046875 0.34992679355783307 0.1650390625 0.1903367496339678
1 0.14013671875 0.3206442166910688 0.2099609375 0.21522693997071743
1 0.1748046875 0.17715959004392387 0.1435546875 0.12445095168374817
1 0.55517578125 0.18740849194729137 0.193359375 0.19765739385065886
1 0.4599609375 0.19985358711566617 0.19140625 0.17276720351390923
1 0.30517578125 0.20863836017569545 0.0712890625 0.10248901903367497
1 0.22802734375 0.26281112737920936 0.099609375 0.10102489019033675
1 0.44970703125 0.3609077598828697 0.1005859375 0.10395314787701318
1 0.44677734375 0.40775988286969256 0.140625 0.1259150805270864
1 0.3271484375 0.45021961932650073 0.1298828125 0.08052708638360176
1 0.216796875 0.4773060029282577 0.234375 0.25329428989751096
1 0.13623046875 0.6398243045387995 0.19921875 0.21961932650073207
1 0.4326171875 0.616398243045388 0.181640625 0.13030746705710103
1 0.7890625 0.6427525622254758 0.265625 0.17862371888726208
1 0.787109375 0.5929721815519766 0.095703125 0.09077598828696926
1 0.82470703125 0.4904831625183016 0.125 0.14641288433382138
1 0.74853515625 0.41947291361639827 0.0732421875 0.09077598828696926
1 0.93701171875 0.45973645680819913 0.1259765625 0.1259150805270864
1 0.96875 0.5431918008784773 0.0625 0.12884333821376281
1 0.8037109375 0.5475841874084919 0.0810546875 0.08345534407027819
1 0.69580078125 0.5658857979502196 0.1181640625 0.11420204978038068
1 0.63525390625 0.6705710102489019 0.1689453125 0.22840409956076135
1 0.63232421875 0.8696925329428989 0.1875 0.24890190336749635
1 0.48388671875 0.8828696925329429 0.2783203125 0.2342606149341142
1 0.91455078125 0.7869692532942899 0.1708984375 0.3118594436310395
1 0.77685546875 0.8023426061493412 0.2431640625 0.3279648609077599
1 0.33349609375 0.7269399707174231 0.30078125 0.3806734992679356
1 0.10595703125 0.8294289897510981 0.1923828125 0.3411420204978038
1 0.107421875 0.8023426061493412 0.203125 0.3953147877013177