1 0.51708984375 0.8283093053735255 0.1240234375 0.1363040629095675
1 0.30615234375 0.601572739187418 0.09765625 0.11140235910878113
1 0.24267578125 0.7889908256880734 0.1220703125 0.11795543905635648
1 0.494140625 0.7398427260812582 0.1591796875 0.10747051114023591
1 0.73779296875 0.7634338138925295 0.126953125 0.14941022280471822
1 0.45263671875 0.8119266055045872 0.1015625 0.10747051114023591
1 0.64892578125 0.7883355176933159 0.12109375 0.12057667103538663
1 0.8017578125 0.7660550458715596 0.0576171875 0.07732634338138926
1 0.63134765625 0.7267365661861075 0.0908203125 0.06946264744429882
1 0.580078125 0.7798165137614679 0.0673828125 0.14416775884665792
1 0.5419921875 0.700524246395806 0.0927734375 0.07601572739187418
1 0.41357421875 0.7490170380078637 0.0654296875 0.1258191349934469
1 0.265625 0.7621231979030144 0.0703125 0.11795543905635648