1 0.4915234375 0.8288335517693316 0.11484375000000002 0.1213761467889907
1 0.29931640625 0.5740498034076016 0.0908203125 0.09960681520314547
1 0.2216796875 0.7516382699868939 0.1142578125 0.10222804718217562
1 0.4755859375 0.7378768020969856 0.1533203125 0.08650065530799476
1 0.7157421875 0.7955439056356488 0.11713867187500004 0.13338138925294887
1 0.42849609375 0.8034600262123197 0.09474609374999998 0.09482306684141535
1 0.625830078125 0.8074311926605505 0.11340820312499988 0.10534731323722134
1 0.77955078125 0.8067889908256881 0.05255859374999994 0.07043250327653998
1 0.6130078125 0.7441546526867627 0.08666015625000001 0.0571690694626473
1 0.55802734375 0.7898689384010484 0.05689453124999999 0.13750982961992145
1 0.52607421875 0.7049803407601573 0.08803710937500009 0.06348623853211016
1 0.394443359375 0.7353735255570119 0.056269531250000004 0.11908256880733932
1 0.24654296875000004 0.7280996068152031 0.0625 0.10971166448230674