1 0.2548828125 0.6899641577060932 0.1337890625 0.08363201911589008
1 0.65576171875 0.7066905615292712 0.0947265625 0.07048984468339307
1 0.75048828125 0.7180406212664278 0.1064453125 0.06571087216248507
1 0.81298828125 0.7795698924731183 0.1181640625 0.13022700119474312
1 0.70751953125 0.7718040621266428 0.1103515625 0.1027479091995221
1 0.65478515625 0.7873357228195937 0.087890625 0.1063321385902031
1 0.5859375 0.7610513739545998 0.076171875 0.0967741935483871
1 0.50830078125 0.7712066905615292 0.1123046875 0.10513739545997611
1 0.51806640625 0.7013142174432497 0.125 0.08602150537634409
1 0.3974609375 0.7114695340501792 0.115234375 0.08721624850657109
1 0.375 0.7502986857825568 0.107421875 0.0979689366786141
1 0.3056640625 0.7682198327359617 0.0771484375 0.07407407407407407
1 0.1416015625 0.7114695340501792 0.083984375 0.12664277180406214
1 0.220703125 0.7270011947431302 0.1220703125 0.1063321385902031
1 0.01708984375 0.7275985663082437 0.0341796875 0.08124253285543608
1 0.0712890625 0.7120669056152927 0.076171875 0.1003584229390681