1 0.26611328125 0.7102747909199522 0.1298828125 0.07287933094384708
1 0.6669921875 0.6929510155316607 0.091796875 0.06332138590203107
1 0.76220703125 0.6959378733572282 0.103515625 0.05734767025089606
1 0.828125 0.7520908004778972 0.111328125 0.12066905615292713
1 0.72265625 0.7532855436081243 0.10546875 0.09438470728793309
1 0.6708984375 0.7735961768219832 0.08203125 0.0991636798088411
1 0.6005859375 0.7532855436081243 0.0712890625 0.0908004778972521
1 0.52392578125 0.7700119474313023 0.107421875 0.0967741935483871
1 0.529296875 0.6995221027479092 0.12109375 0.07646356033452807
1 0.40966796875 0.7198327359617682 0.111328125 0.07765830346475508
1 0.3896484375 0.7604540023894862 0.1025390625 0.08960573476702509
1 0.3212890625 0.7843488649940262 0.0732421875 0.06810035842293907
1 0.154296875 0.7413381123058542 0.0771484375 0.12066905615292713
1 0.234375 0.7502986857825568 0.1171875 0.0967741935483871
1 0.0234375 0.7688172043010753 0.046875 0.07765830346475508
1 0.08447265625 0.7479091995221028 0.0712890625 0.09438470728793309