1 0.525390625 0.8140556368960469 0.1474609375 0.1683748169838946
1 0.751953125 0.8909224011713031 0.3125 0.21815519765739386
1 0.7587890625 0.8565153733528551 0.09375 0.09224011713030747
1 0.84716796875 0.8323572474377745 0.0791015625 0.10248901903367497
1 0.38427734375 0.7620790629575402 0.0859375 0.09663250366032211
1 0.70947265625 0.7986822840409956 0.083984375 0.08784773060029283
1 0.48876953125 0.746705710102489 0.064453125 0.0746705710102489
1 0.15576171875 0.8521229868228404 0.294921875 0.20644216691068815
1 0.31689453125 0.8074670571010248 0.1103515625 0.1259150805270864
1 0.29443359375 0.7225475841874085 0.0732421875 0.08784773060029283
1 0.64501953125 0.7686676427525623 0.05859375 0.0849194729136164
1 0.54345703125 0.9136163982430454 0.1552734375 0.14641288433382138
1 0.24267578125 0.7562225475841874 0.1025390625 0.10395314787701318
1 0.892578125 0.8096632503660323 0.0517578125 0.05710102489019034
1 0.94921875 0.8045387994143485 0.05078125 0.04685212298682284
1 0.9365234375 0.8294289897510981 0.056640625 0.0629575402635432
1 0.15869140625 0.746705710102489 0.099609375 0.1259150805270864
1 0.09521484375 0.7064421669106882 0.0927734375 0.08931185944363104