1 0.55419921875 0.8060029282576867 0.1357421875 0.14202049780380674
1 0.78759765625 0.8469985358711567 0.298828125 0.1815519765739385
1 0.78955078125 0.7986822840409956 0.08770507812499995 0.0739385065885798
1 0.87451171875 0.7569546120058566 0.07196289062500005 0.08877013177159607
1 0.409912109375 0.7833089311859444 0.07879882812500005 0.08112737920937055
1 0.7353515625 0.7518301610541728 0.0782519531250001 0.07165446559297226
1 0.51171875 0.7463396778916545 0.05911132812499997 0.06226939970717419
1 0.191650390625 0.9202049780380673 0.2841796875 0.14916544655929737
1 0.347412109375 0.842606149341142 0.1015625 0.10597364568082007
1 0.317138671875 0.7635431918008785 0.06659179687500005 0.07531478770131779
1 0.66845703125 0.736090775988287 0.05166992187500008 0.07559297218155214
1 0.58154296875 0.9004392386530015 0.1453906250000001 0.11732064421669122
1 0.26904296875 0.8074670571010248 0.09600585937499995 0.0849194729136164
1 0.91748046875 0.7247437774524158 0.04779296875000005 0.04822840409956084
1 0.97314453125 0.7079062957540263 0.04779296875000005 0.0369692532942899
1 0.962890625 0.7349926793557833 0.05270507812500003 0.052020497803806694
1 0.18505859375 0.8155197657393851 0.09076171875 0.10733528550512438
1 0.118408203125 0.7891654465592972 0.087099609375 0.0718740849194728