1 0.751953125 0.7635431918008785 0.0322265625 0.03806734992679356
1 0.6943359375 0.7364568081991215 0.01953125 0.04685212298682284
1 0.71240234375 0.7437774524158126 0.0244140625 0.03953147877013177
1 0.66259765625 0.7166910688140556 0.025390625 0.04978038067349927
1 0.5947265625 0.726207906295754 0.0546875 0.07174231332357248
1 0.08740234375 0.5021961932650073 0.0263671875 0.03513909224011713
1 0.05126953125 0.48535871156661786 0.017578125 0.03367496339677892
1 0.02734375 0.4751098096632504 0.017578125 0.036603221083455345
1 0.0107421875 0.47364568081991215 0.021484375 0.036603221083455345
1 0.24560546875 0.5578330893118595 0.013671875 0.016105417276720352
1 0.26611328125 0.5592972181551976 0.009765625 0.013177159590043924
1 0.39453125 0.6127379209370425 0.0126953125 0.010248901903367497
1 0.466796875 0.6383601756954612 0.0244140625 0.017569546120058566
1 0.51904296875 0.650805270863836 0.01953125 0.03074670571010249
1 0.82568359375 0.7869692532942899 0.076171875 0.05124450951683748
1 0.90283203125 0.7979502196193266 0.07421875 0.08345534407027819