1 0.7763671875 0.7013177159590044 0.029296875 0.032210834553440704
1 0.716796875 0.6881405563689604 0.015625 0.043923865300146414
1 0.7353515625 0.6910688140556369 0.021484375 0.03513909224011713
1 0.68310546875 0.6756954612005857 0.0205078125 0.04538799414348463
1 0.6171875 0.7013177159590044 0.048828125 0.06149341142020498
1 0.0927734375 0.5988286969253295 0.0234375 0.029282576866764276
1 0.05517578125 0.5907759882869692 0.0146484375 0.03074670571010249
1 0.03076171875 0.5863836017569546 0.0146484375 0.03367496339677892
1 0.01220703125 0.5893118594436311 0.0234375 0.032210834553440704
1 0.2548828125 0.616398243045388 0.0126953125 0.013177159590043924
1 0.275390625 0.6134699853587116 0.0087890625 0.01171303074670571
1 0.40771484375 0.6361639824304539 0.01171875 0.007320644216691069
1 0.4814453125 0.6442166910688141 0.0234375 0.01171303074670571
1 0.53466796875 0.6442166910688141 0.0166015625 0.027818448023426062
1 0.8515625 0.7071742313323572 0.0732421875 0.03513909224011713
1 0.92919921875 0.6998535871156661 0.068359375 0.06881405563689605