1 0.57275390625 0.46266471449487556 0.1669921875 0.28257686676427524
1 0.69384765625 0.40043923865300146 0.1494140625 0.08199121522693997
1 0.501953125 0.4816983894582723 0.18359375 0.27232796486090777
1 0.34912109375 0.5029282576866764 0.2392578125 0.22108345534407028
1 0.37353515625 0.5834553440702782 0.1259765625 0.08345534407027819
1 0.48486328125 0.7957540263543191 0.2646484375 0.38945827232796487
1 0.2373046875 0.7767203513909224 0.291015625 0.3938506588579795
1 0.126953125 0.6061493411420205 0.1826171875 0.4685212298682284
1 0.044921875 0.7357247437774525 0.08984375 0.33528550512445093
1 0.61474609375 0.5285505124450952 0.2373046875 0.2679355783308931
1 0.79248046875 0.5666178623718887 0.2314453125 0.32210834553440704
1 0.9453125 0.6171303074670571 0.109375 0.2005856515373353
1 0.81103515625 0.8609077598828697 0.3330078125 0.2781844802342606
1 0.005859375 0.7562225475841874 0.01171875 0.2796486090775988