1 0.568359375 0.4480234260614934 0.14453125 0.2547584187408492
1 0.6826171875 0.3609077598828697 0.146484375 0.05124450951683748
1 0.50048828125 0.4816983894582723 0.1630859375 0.24011713030746706
1 0.35107421875 0.5344070278184481 0.2255859375 0.17569546120058566
1 0.38232421875 0.6090775988286969 0.1220703125 0.05856515373352855
1 0.51220703125 0.7957540263543191 0.2353515625 0.3440702781844802
1 0.265625 0.828696925329429 0.26171875 0.34260614934114203
1 0.140625 0.6830161054172768 0.142578125 0.44363103953147875
1 0.05224609375 0.8323572474377745 0.1005859375 0.31771595900439237
1 0.6162109375 0.5043923865300146 0.21875 0.2240117130307467
1 0.7958984375 0.5051244509516838 0.20703125 0.28111273792093705
1 0.95263671875 0.5234260614934114 0.0947265625 0.18301610541727673
1 0.8466796875 0.8418740849194729 0.306640625 0.3162518301610542
1 0.01416015625 0.8616398243045388 0.0283203125 0.2767203513909224