0 0.0859375 0.435546875 0.171875 0.32421875
0 0.0576171875 0.8450520833333334 0.08203125 0.3098958333333333
0 0.32373046875 0.8111979166666666 0.2314453125 0.3776041666666667
0 0.2216796875 0.19075520833333334 0.083984375 0.11328125
0 0.39404296875 0.2682291666666667 0.1796875 0.1328125
0 0.54736328125 0.5696614583333334 0.271484375 0.3528645833333333
0 0.61181640625 0.3020833333333333 0.236328125 0.20833333333333334
0 0.75 0.60546875 0.2392578125 0.4427083333333333
0 0.78173828125 0.24934895833333334 0.11328125 0.28125
0 0.93701171875 0.5520833333333334 0.1259765625 0.4401041666666667
0 0.8818359375 0.11263020833333333 0.0673828125 0.15494791666666666
0 0.96142578125 0.22135416666666666 0.0439453125 0.13932291666666666