0 0.083984375 0.3671875 0.16796875 0.2994791666666667
0 0.0283203125 0.7890625 0.0517578125 0.3385416666666667
0 0.2958984375 0.79296875 0.19921875 0.3723958333333333
0 0.251953125 0.14778645833333334 0.0751953125 0.1015625
0 0.416015625 0.2526041666666667 0.1708984375 0.10546875
0 0.54052734375 0.5768229166666666 0.244140625 0.3151041666666667
0 0.62890625 0.3216145833333333 0.2216796875 0.17317708333333334
0 0.73828125 0.6451822916666666 0.203125 0.4127604166666667
0 0.802734375 0.296875 0.08984375 0.2682291666666667
0 0.9423828125 0.625 0.1142578125 0.4244791666666667
0 0.91455078125 0.177734375 0.0546875 0.14713541666666666
0 0.9833984375 0.2981770833333333 0.0322265625 0.13541666666666666