1 0.8525390625 0.6534008683068018 0.2626953125 0.2778581765557164
1 0.52783203125 0.6208393632416788 0.140625 0.18523878437047755
1 0.49169921875 0.8227206946454414 0.3681640625 0.3545586107091172
1 0.1025390625 0.7373371924746743 0.205078125 0.36324167872648333
1 0.7626953125 0.8842257597684515 0.40234375 0.23154848046309695
1 0.7421875 0.8154848046309696 0.318359375 0.3068017366136035
1 0.8330078125 0.8270622286541245 0.296875 0.3458755426917511
1 0.26318359375 0.7973950795947902 0.24609375 0.3429811866859624
1 0.22119140625 0.5173661360347322 0.1982421875 0.2402315484804631
1 0.076171875 0.5781476121562952 0.15234375 0.36324167872648333
1 0.23486328125 0.6013024602026049 0.1728515625 0.2141823444283647
1 0.34521484375 0.6657018813314037 0.1728515625 0.2301013024602026
1 0.39892578125 0.5687409551374819 0.2177734375 0.2460202604920405
1 0.66015625 0.6208393632416788 0.193359375 0.22141823444283648