1 0.865234375 0.5600578871201157 0.240234375 0.2199710564399421
1 0.54150390625 0.6121562952243126 0.1240234375 0.15629522431259044
1 0.53271484375 0.8408104196816208 0.3359375 0.3154848046309696
1 0.111328125 0.8432706222865413 0.22265625 0.3105788712011579
1 0.81123046875 0.870260492040521 0.3775390624999999 0.25947901591895794
1 0.775341796875 0.748465991316932 0.295439453125 0.2350506512301014
1 0.866123046875 0.7369319826338641 0.26774414062500007 0.2822431259044862
1 0.301767578125 0.8537192474674384 0.2151953125 0.29256150506512313
1 0.227353515625 0.5891461649782923 0.177978515625 0.19756874095513746
1 0.075 0.690260492040521 0.15 0.32949348769898706
1 0.25060546875 0.6680463096960926 0.15472656250000005 0.1775542691751086
1 0.3667578125 0.7030101302460202 0.15264648437500006 0.19374819102749655
1 0.40849609375 0.5938060781476121 0.19707031250000007 0.1985962373371925
1 0.6720703125 0.5777858176555717 0.174560546875 0.178958031837916