1 0.01611328125 0.3704427083333333 0.0224609375 0.026041666666666668
1 0.05712890625 0.4016927083333333 0.05078125 0.055989583333333336
1 0.08251953125 0.3587239583333333 0.0244140625 0.020833333333333332
1 0.11572265625 0.3046875 0.0126953125 0.013020833333333334
1 0.1240234375 0.3307291666666667 0.0087890625 0.014322916666666666
1 0.14501953125 0.4127604166666667 0.0517578125 0.044270833333333336
1 0.150390625 0.3092447916666667 0.009765625 0.018229166666666668
1 0.17724609375 0.3118489583333333 0.0087890625 0.018229166666666668
1 0.1865234375 0.28125 0.0087890625 0.022135416666666668
1 0.21142578125 0.3170572916666667 0.0107421875 0.018229166666666668
1 0.2431640625 0.3600260416666667 0.0126953125 0.01953125
1 0.26123046875 0.201171875 0.015625 0.015625
1 0.267578125 0.3313802083333333 0.01953125 0.022135416666666668
1 0.27294921875 0.20833333333333334 0.013671875 0.015625
1 0.2783203125 0.3932291666666667 0.013671875 0.0234375
1 0.3203125 0.4811197916666667 0.0693359375 0.06380208333333333
1 0.31884765625 0.20377604166666666 0.0087890625 0.010416666666666666
1 0.3515625 0.4296875 0.0419921875 0.055989583333333336
1 0.4072265625 0.4498697916666667 0.0537109375 0.06901041666666667
1 0.4140625 0.3717447916666667 0.013671875 0.018229166666666668
1 0.4384765625 0.20833333333333334 0.013671875 0.01171875
1 0.44189453125 0.3912760416666667 0.017578125 0.022135416666666668
1 0.4609375 0.45703125 0.052734375 0.06901041666666667
1 0.5 0.21354166666666666 0.0126953125 0.013020833333333334
1 0.5361328125 0.2565104166666667 0.0126953125 0.01171875
1 0.53759765625 0.3860677083333333 0.0205078125 0.010416666666666666
1 0.54052734375 0.34375 0.017578125 0.022135416666666668
1 0.57275390625 0.232421875 0.0078125 0.014322916666666666
1 0.5830078125 0.474609375 0.017578125 0.018229166666666668
1 0.59423828125 0.3854166666666667 0.0205078125 0.018229166666666668
1 0.59619140625 0.4459635416666667 0.03125 0.0234375
1 0.6064453125 0.4921875 0.048828125 0.06510416666666667
1 0.62255859375 0.25 0.0107421875 0.016927083333333332
1 0.630859375 0.44921875 0.025390625 0.029947916666666668
1 0.634765625 0.349609375 0.017578125 0.022135416666666668
1 0.689453125 0.2643229166666667 0.01171875 0.013020833333333334
1 0.71875 0.3365885416666667 0.01953125 0.018229166666666668
1 0.716796875 0.4088541666666667 0.015625 0.018229166666666668
1 0.751953125 0.5104166666666666 0.044921875 0.06640625
1 0.76220703125 0.24153645833333334 0.0234375 0.022135416666666668
1 0.77734375 0.37109375 0.0146484375 0.018229166666666668
1 0.783203125 0.3528645833333333 0.013671875 0.015625
1 0.78662109375 0.3170572916666667 0.017578125 0.018229166666666668
1 0.8046875 0.22265625 0.015625 0.015625
1 0.81396484375 0.21223958333333334 0.0126953125 0.013020833333333334
1 0.81884765625 0.4622395833333333 0.0166015625 0.0234375
1 0.8544921875 0.5123697916666666 0.05859375 0.06380208333333333
1 0.85595703125 0.21028645833333334 0.0126953125 0.01171875
1 0.859375 0.24479166666666666 0.013671875 0.009114583333333334
1 0.8623046875 0.23828125 0.009765625 0.01171875
1 0.86572265625 0.23372395833333334 0.0126953125 0.010416666666666666
1 0.8662109375 0.20703125 0.0068359375 0.010416666666666666
1 0.87939453125 0.2662760416666667 0.013671875 0.013020833333333334
1 0.88671875 0.21875 0.015625 0.013020833333333334
1 0.884765625 0.2721354166666667 0.017578125 0.013020833333333334
1 0.89306640625 0.20963541666666666 0.015625 0.01171875
1 0.90234375 0.333984375 0.0126953125 0.016927083333333332
1 0.91357421875 0.5227864583333334 0.0400390625 0.05859375
1 0.92724609375 0.2109375 0.0107421875 0.015625
1 0.94970703125 0.4778645833333333 0.0224609375 0.020833333333333332
1 0.95166015625 0.4772135416666667 0.021484375 0.026041666666666668
1 0.9892578125 0.1953125 0.013671875 0.014322916666666666
1 0.990234375 0.529296875 0.0126953125 0.015625