1 0.0107421875 0.416015625 0.021484375 0.024739583333333332
1 0.05322265625 0.443359375 0.0478515625 0.052083333333333336
1 0.076171875 0.3977864583333333 0.0234375 0.018229166666666668
1 0.1064453125 0.3411458333333333 0.01171875 0.01171875
1 0.1162109375 0.3658854166666667 0.0078125 0.013020833333333334
1 0.14111328125 0.4459635416666667 0.0498046875 0.040364583333333336
1 0.14111328125 0.3424479166666667 0.0087890625 0.016927083333333332
1 0.16796875 0.3424479166666667 0.0078125 0.016927083333333332
1 0.17578125 0.3111979166666667 0.0078125 0.020833333333333332
1 0.20263671875 0.3444010416666667 0.009765625 0.016927083333333332
1 0.236328125 0.3841145833333333 0.01171875 0.018229166666666668
1 0.24609375 0.22395833333333334 0.0146484375 0.014322916666666666
1 0.25927734375 0.353515625 0.0185546875 0.020833333333333332
1 0.25830078125 0.23046875 0.0126953125 0.014322916666666666
1 0.2734375 0.4140625 0.0126953125 0.022135416666666668
1 0.31982421875 0.498046875 0.06640625 0.057291666666666664
1 0.3037109375 0.22135416666666666 0.0087890625 0.009114583333333334
1 0.34814453125 0.443359375 0.0390625 0.052083333333333336
1 0.40478515625 0.4583333333333333 0.05078125 0.06380208333333333
1 0.40771484375 0.3802083333333333 0.0126953125 0.016927083333333332
1 0.42333984375 0.21484375 0.0126953125 0.010416666666666666
1 0.4365234375 0.3971354166666667 0.0166015625 0.020833333333333332
1 0.458984375 0.4609375 0.0498046875 0.06510416666666667
1 0.48486328125 0.21419270833333334 0.01171875 0.01171875
1 0.5234375 0.25390625 0.01171875 0.010416666666666666
1 0.53173828125 0.3828125 0.0205078125 0.009114583333333334
1 0.5322265625 0.3404947916666667 0.0166015625 0.020833333333333332
1 0.55859375 0.2265625 0.0068359375 0.014322916666666666
1 0.58154296875 0.466796875 0.0166015625 0.016927083333333332
1 0.587890625 0.376953125 0.01953125 0.016927083333333332
1 0.59326171875 0.4368489583333333 0.0302734375 0.020833333333333332
1 0.60595703125 0.482421875 0.0458984375 0.061197916666666664
1 0.609375 0.23893229166666666 0.009765625 0.015625
1 0.6279296875 0.4368489583333333 0.0244140625 0.02734375
1 0.62646484375 0.3372395833333333 0.0166015625 0.020833333333333332
1 0.6767578125 0.24739583333333334 0.0107421875 0.01171875
1 0.70947265625 0.31640625 0.0185546875 0.016927083333333332
1 0.71142578125 0.388671875 0.0146484375 0.016927083333333332
1 0.751953125 0.4869791666666667 0.0419921875 0.0625
1 0.748046875 0.21809895833333334 0.0224609375 0.01953125
1 0.77001953125 0.345703125 0.013671875 0.016927083333333332
1 0.77490234375 0.3268229166666667 0.0126953125 0.014322916666666666
1 0.7763671875 0.291015625 0.0166015625 0.016927083333333332
1 0.78955078125 0.19466145833333334 0.0146484375 0.014322916666666666
1 0.79833984375 0.18359375 0.01171875 0.01171875
1 0.81591796875 0.4329427083333333 0.015625 0.022135416666666668
1 0.8544921875 0.4791666666666667 0.0556640625 0.05859375
1 0.83984375 0.177734375 0.01171875 0.010416666666666666
1 0.84521484375 0.21223958333333334 0.013671875 0.0078125
1 0.84765625 0.205078125 0.0087890625 0.010416666666666666
1 0.85107421875 0.20052083333333334 0.0126953125 0.009114583333333334
1 0.85009765625 0.173828125 0.005859375 0.010416666666666666
1 0.8662109375 0.23177083333333334 0.0126953125 0.01171875
1 0.87109375 0.18359375 0.0146484375 0.01171875
1 0.8720703125 0.23697916666666666 0.0166015625 0.01171875
1 0.876953125 0.173828125 0.0146484375 0.010416666666666666
1 0.892578125 0.296875 0.01171875 0.015625
1 0.91357421875 0.484375 0.037109375 0.0546875
1 0.9111328125 0.171875 0.009765625 0.014322916666666666
1 0.947265625 0.4361979166666667 0.021484375 0.01953125
1 0.94921875 0.435546875 0.0205078125 0.024739583333333332
1 0.97216796875 0.150390625 0.0126953125 0.013020833333333334
1 0.9873046875 0.15364583333333334 0.009765625 0.010416666666666666
1 0.99072265625 0.4837239583333333 0.01171875 0.014322916666666666