1 0.0048828125 0.4417758369723435 0.009765625 0.03784570596797671
1 0.0498046875 0.50509461426492 0.0615234375 0.10043668122270742
1 0.18408203125 0.7074235807860262 0.1845703125 0.2314410480349345
1 0.19970703125 0.4395924308588064 0.064453125 0.06404657933042213
1 0.2509765625 0.42139737991266374 0.0380859375 0.05967976710334789
1 0.27392578125 0.4417758369723435 0.056640625 0.053857350800582245
1 0.34326171875 0.44905385735080056 0.0712890625 0.06695778748180495
1 0.388671875 0.4366812227074236 0.0576171875 0.05822416302765648
1 0.57373046875 0.6775836972343523 0.1953125 0.2867540029112082
1 0.7041015625 0.7190684133915575 0.23828125 0.2838427947598253
1 0.62890625 0.4359534206695779 0.0439453125 0.034934497816593885