1 0.00439453125 0.49272197962154296 0.0087890625 0.039301310043668124
1 0.05126953125 0.5516739446870451 0.06640625 0.10625909752547306
1 0.1943359375 0.7394468704512372 0.1953125 0.25036390101892286
1 0.19775390625 0.4708879184861718 0.0673828125 0.06986899563318777
1 0.248046875 0.44759825327510916 0.041015625 0.06404657933042213
1 0.27197265625 0.4650655021834061 0.05859375 0.05967976710334789
1 0.34130859375 0.4657933042212518 0.07421875 0.07423580786026202
1 0.3857421875 0.4483260553129549 0.060546875 0.06404657933042213
1 0.58203125 0.6695778748180495 0.2080078125 0.3056768558951965
1 0.7138671875 0.6972343522561864 0.2509765625 0.30858806404657935
1 0.62548828125 0.4228529839883552 0.0458984375 0.039301310043668124