1 0.40869140625 0.7456772334293948 0.041015625 0.08789625360230548
1 0.552734375 0.8047550432276657 0.0712890625 0.12536023054755044
1 0.64892578125 0.8227665706051873 0.111328125 0.17579250720461095
1 0.93310546875 0.7795389048991355 0.130859375 0.15561959654178675
1 0.822265625 0.8162824207492796 0.1611328125 0.2017291066282421
1 0.71142578125 0.8119596541786743 0.111328125 0.14553314121037464
1 0.6025390625 0.7752161383285303 0.0576171875 0.10806916426512968
1 0.5400390625 0.7644092219020173 0.0576171875 0.10086455331412104
1 0.48095703125 0.7550432276657061 0.0380859375 0.09221902017291066
1 0.44775390625 0.7219020172910663 0.03125 0.07348703170028818
1 0.46435546875 0.6822766570605188 0.0146484375 0.0345821325648415
1 0.47802734375 0.6772334293948127 0.013671875 0.0345821325648415
1 0.4267578125 0.6952449567723343 0.0166015625 0.043227665706051875
1 0.4091796875 0.6894812680115274 0.0166015625 0.03602305475504323
1 0.37548828125 0.7154178674351584 0.017578125 0.04899135446685879