1 0.389013671875 0.727478386167147 0.03428710937500001 0.08230547550432261
1 0.52734375 0.8119596541786743 0.0625 0.11527377521613832
1 0.62109375 0.8472622478386167 0.0986328125 0.15994236311239193
1 0.90689453125 0.855086455331412 0.12109375 0.13420749279538918
1 0.793623046875 0.8717002881844381 0.1480468749999999 0.17697406340057628
1 0.6840234375 0.8473342939481268 0.10155273437500001 0.12822766570605187
1 0.579169921875 0.7914265129682997 0.04971679687500008 0.09988472622478377
1 0.517783203125 0.7694668587896254 0.05043945312500009 0.0925792507204611
1 0.460234375 0.7501008645533142 0.030810546874999956 0.08672910662824215
1 0.429609375 0.7111671469740635 0.025253906250000013 0.06962536023054762
1 0.449794921875 0.6742507204610951 0.012363281249999969 0.03285302593659936
1 0.463369140625 0.6719452449567723 0.011025390624999964 0.032694524495677314
1 0.4111328125 0.6804178674351584 0.012968749999999973 0.041887608069164334
1 0.3942578125 0.6718731988472622 0.013613281250000053 0.03364553314121041
1 0.358515625 0.6911239193083574 0.013632812500000036 0.04664265129682998