1 0.1357421875 0.8262150220913107 0.0478515625 0.042709867452135494
1 0.4677734375 0.6200294550810015 0.02734375 0.036818851251840944
1 0.4697265625 0.605301914580265 0.0234375 0.020618556701030927
1 0.50732421875 0.5949926362297496 0.021484375 0.020618556701030927
1 0.52490234375 0.6038291605301914 0.01953125 0.026509572901325478
1 0.537109375 0.5905743740795287 0.0126953125 0.022091310751104567
1 0.578125 0.6995581737849779 0.0205078125 0.023564064801178203
1 0.5703125 0.5162002945508101 0.0126953125 0.016200294550810016
1 0.60107421875 0.7717231222385862 0.0283203125 0.045655375552282766
1 0.6474609375 0.5198821796759941 0.0107421875 0.01914580265095729
1 0.67529296875 0.5927835051546392 0.0166015625 0.030927835051546393
1 0.671875 0.5029455081001473 0.0107421875 0.017673048600883652
1 0.724609375 0.7385861561119293 0.0380859375 0.047128129602356406
1 0.81298828125 0.5419734904270986 0.0166015625 0.036818851251840944
1 0.8466796875 0.53240058910162 0.017578125 0.030927835051546393
1 0.89892578125 0.7312223858615611 0.0517578125 0.05891016200294551
1 0.9638671875 0.7297496318114874 0.0419921875 0.07216494845360824