1 0.115234375 0.7673048600883653 0.0458984375 0.035346097201767304
1 0.45947265625 0.614138438880707 0.025390625 0.03240058910162003
1 0.4625 0.5997643593519882 0.022685546875000018 0.017805596465390327
1 0.500673828125 0.595920471281296 0.019970703125000044 0.01814432989690729
1 0.517578125 0.6075110456553755 0.017578125 0.023564064801178203
1 0.530830078125 0.5962739322533137 0.011591796874999893 0.021089837997054564
1 0.56396484375 0.7106038291605302 0.01953125 0.020618556701030927
1 0.568583984375 0.5271723122238586 0.01171875 0.014727540500736377
1 0.58154296875 0.7864506627393225 0.025390625 0.041237113402061855
1 0.64544921875 0.5434020618556702 0.009892578125000107 0.017054491899852784
1 0.66796875 0.6200294550810015 0.0146484375 0.029455081001472753
1 0.670634765625 0.5298085419734905 0.009765625 0.016200294550810016
1 0.70703125 0.772459499263623 0.03515625 0.041237113402061855
1 0.80857421875 0.5912223858615611 0.0146484375 0.035346097201767304
1 0.8427734375 0.5868924889543446 0.015625 0.027982326951399118
1 0.880859375 0.7930780559646539 0.048828125 0.05154639175257732
1 0.9453125 0.8019145802650958 0.0380859375 0.0662739322533137