1 0.06103515625 0.6901041666666666 0.0615234375 0.037760416666666664
1 0.1171875 0.5709635416666666 0.0234375 0.01953125
1 0.24828125 0.5579296875 0.0283203125 0.029843749999999947
1 0.42431640625 0.650390625 0.041015625 0.032552083333333336
1 0.4482421875 0.64453125 0.037109375 0.037760416666666664
1 0.5550390625 0.5911458333333334 0.033408203125000036 0.027877604166666625
1 0.8608984375 0.6261588541666666 0.027636718749999956 0.03265625000000005
1 0.893896484375 0.6247395833333333 0.018173828124999902 0.025520833333333364
1 0.905732421875 0.6106770833333334 0.015937499999999938 0.02247395833333332
1 0.913466796875 0.5872786458333333 0.024619140625000036 0.019557291666666643
1 0.965087890625 0.6098828125 0.03271484375 0.023151041666666632
1 0.81642578125 0.5400520833333333 0.013749999999999929 0.019283854166666597
1 0.862919921875 0.5732161458333334 0.016738281250000098 0.018528645833333357
1 0.94123046875 0.5498958333333334 0.01659179687500001 0.015742187500000043