1 0.0751953125 0.740234375 0.0634765625 0.044270833333333336
1 0.123046875 0.615234375 0.0244140625 0.022135416666666668
1 0.2529296875 0.5872395833333334 0.0302734375 0.032552083333333336
1 0.4345703125 0.6588541666666666 0.04296875 0.037760416666666664
1 0.4580078125 0.6497395833333334 0.0390625 0.041666666666666664
1 0.560546875 0.5846354166666666 0.03515625 0.03125
1 0.86767578125 0.583984375 0.029296875 0.03515625
1 0.900390625 0.5787760416666666 0.01953125 0.02734375
1 0.91162109375 0.5631510416666666 0.017578125 0.024739583333333332
1 0.91748046875 0.5390625 0.025390625 0.022135416666666668
1 0.970703125 0.5553385416666666 0.0341796875 0.02734375
1 0.81787109375 0.5032552083333334 0.0146484375 0.020833333333333332
1 0.8662109375 0.5305989583333334 0.017578125 0.020833333333333332
1 0.94287109375 0.4986979166666667 0.017578125 0.018229166666666668