1 0.85107421875 0.7481698389458272 0.1015625 0.10248901903367497
1 0.977431640625 0.5919180087847731 0.038779296875000036 0.05597364568081994
1 0.958662109375 0.564480234260615 0.03268554687500003 0.035168374816983865
1 0.78384765625 0.5511420204978038 0.027607421874999982 0.03430453879941427
1 0.486240234375 0.707393850658858 0.04093749999999996 0.11726207906295742
1 0.457890625 0.7027525622254759 0.03680664062500005 0.057730600292825694
1 0.33248046875 0.7406881405563689 0.02703124999999995 0.07475841874084911
1 0.23755859375 0.7239238653001464 0.03550781250000001 0.051522693997071656
1 0.25443359375 0.6434846266471449 0.03620117187500005 0.07650073206442166
1 0.22103515625 0.5510688140556369 0.03965820312500001 0.0506734992679356
1 0.1433203125 0.46237188872620794 0.015390624999999991 0.025768667642752596
1 0.0933984375 0.45604685212298685 0.022011718749999992 0.02386530014641282
1 0.271259765625 0.47610541727672034 0.014492187500000031 0.022401171303074605
1 0.58373046875 0.4481112737920937 0.024794921875000098 0.02273792093704242
1 0.659140625 0.4616837481698389 0.025917968749999964 0.02843338213762805
1 0.852314453125 0.4647584187408492 0.019804687499999973 0.030541727672035158