1 0.8642578125 0.7013177159590044 0.107421875 0.11566617862371889
1 0.97998046875 0.5285505124450952 0.0400390625 0.06149341142020498
1 0.96044921875 0.5043923865300146 0.0341796875 0.03953147877013177
1 0.78564453125 0.513909224011713 0.029296875 0.03806734992679356
1 0.49853515625 0.7086383601756955 0.0478515625 0.12152269399707175
1 0.4697265625 0.7071742313323572 0.0400390625 0.0629575402635432
1 0.34716796875 0.7613469985358712 0.03125 0.07759882869692533
1 0.25146484375 0.7576866764275256 0.0380859375 0.055636896046852125
1 0.263671875 0.6749633967789166 0.0400390625 0.08052708638360176
1 0.22509765625 0.5871156661786238 0.0419921875 0.055636896046852125
1 0.142578125 0.5087847730600292 0.0166015625 0.027818448023426062
1 0.09228515625 0.5095168374816984 0.0234375 0.02635431918008785
1 0.2705078125 0.5058565153733529 0.015625 0.024890190336749635
1 0.58056640625 0.43704245973645683 0.0263671875 0.02635431918008785
1 0.65625 0.4407027818448023 0.02734375 0.032210834553440704
1 0.84912109375 0.41874084919472915 0.021484375 0.03367496339677892