1 0.55615234375 0.7027818448023426 0.0595703125 0.07613469985358712
1 0.3275 0.8083601756954613 0.10617187500000003 0.0990922401171304
1 0.47998046875 0.6625183016105417 0.0771484375 0.0424597364568082
1 0.47509765625 0.8155197657393851 0.1201171875 0.15519765739385066
1 0.770361328125 0.7281405563689605 0.14660156250000012 0.12393850658857976
1 0.1561328125 0.8711566617862372 0.0965625 0.15282576866764291
1 0.6044921875 0.7203513909224012 0.04256835937499992 0.039077598828697005
1 0.0869140625 0.7869692532942899 0.07654296875 0.07256222547584179
1 0.256591796875 0.8638360175695461 0.07171875000000005 0.16417276720351406
1 0.9189453125 0.6555636896046853 0.06231445312499995 0.04978038067349927
1 0.67626953125 0.7192532942898975 0.08832031250000005 0.12445095168374817
1 0.7666015625 0.6544655929721815 0.0638476562500001 0.06799414348462672
1 0.191162109375 0.8067349926793558 0.039853515625 0.03944363103953156
1 0.42919921875 0.678623718887262 0.035400390625 0.07096632503660326
1 0.26708984375 0.7379209370424598 0.07354492187499995 0.05279648609077591
1 0.29833984375 0.7847730600292826 0.04336914062499997 0.09535871156661803
1 0.321533203125 0.7280380673499268 0.038818359375 0.03950219619326503
1 0.033203125 0.9194729136163983 0.06640625 0.16105417276720352
1 0.01953125 0.8404099560761347 0.0390625 0.04685212298682284
1 0.69970703125 0.6464128843338214 0.02522460937499993 0.025168374816983974
1 0.22986328125 0.7818448023426061 0.06792968749999995 0.049868228404099484
1 0.1865234375 0.7664714494875549 0.032900390625 0.03342606149341131
1 0.71826171875 0.6390922401171303 0.020146484375000107 0.013572474377745215
1 0.1717578125 0.7986822840409956 0.028212890624999987 0.023396778916544684
1 0.50537109375 0.7144948755490483 0.028339843749999982 0.06538799414348458
1 0.76025390625 0.8243045387994143 0.1019335937500001 0.1157540263543191
1 0.361552734375 0.8425329428989752 0.05542968749999999 0.13317715959004398