1 0.53662109375 0.712298682284041 0.06640625 0.08784773060029283
1 0.30078125 0.7693997071742313 0.1142578125 0.12005856515373353
1 0.46533203125 0.6566617862371888 0.080078125 0.05856515373352855
1 0.4462890625 0.8074670571010248 0.1337890625 0.17862371888726208
1 0.74658203125 0.7825768667642753 0.15625 0.15373352855051245
1 0.125 0.7957540263543191 0.109375 0.17130307467057102
1 0.5830078125 0.7401171303074671 0.0458984375 0.04685212298682284
1 0.064453125 0.6976573938506588 0.0830078125 0.08784773060029283
1 0.22509765625 0.8096632503660323 0.0859375 0.17715959004392387
1 0.900390625 0.7415812591508053 0.06640625 0.0629575402635432
1 0.654296875 0.7540263543191801 0.0986328125 0.14202049780380674
1 0.74951171875 0.7086383601756955 0.0693359375 0.08052708638360176
1 0.16552734375 0.739385065885798 0.04296875 0.04685212298682284
1 0.4130859375 0.6617862371888726 0.0419921875 0.07759882869692533
1 0.2470703125 0.6866764275256223 0.078125 0.06734992679355783
1 0.27392578125 0.7401171303074671 0.0517578125 0.10395314787701318
1 0.30224609375 0.6888726207906296 0.0419921875 0.04685212298682284
1 0.01953125 0.8169838945827232 0.0390625 0.17276720351390923
1 0.0068359375 0.7371888726207906 0.013671875 0.05417276720351391
1 0.68408203125 0.6866764275256223 0.02734375 0.03074670571010249
1 0.20654296875 0.7225475841874085 0.072265625 0.0629575402635432
1 0.1650390625 0.698389458272328 0.0361328125 0.03953147877013177
1 0.703125 0.6830161054172768 0.021484375 0.017569546120058566
1 0.1474609375 0.7269399707174231 0.0302734375 0.029282576866764276
1 0.4853515625 0.7137628111273792 0.0341796875 0.07027818448023426
1 0.7275390625 0.8755490483162518 0.111328125 0.13616398243045388
1 0.3310546875 0.8103953147877013 0.0673828125 0.14348462664714495