1 0.13671875 0.5527086383601757 0.0283203125 0.05417276720351391
1 0.166015625 0.5483162518301611 0.02734375 0.048316251830161056
1 0.27392578125 0.5797950219619327 0.048828125 0.06881405563689605
1 0.32958984375 0.5885797950219619 0.037109375 0.07027818448023426
1 0.626953125 0.54099560761347 0.02734375 0.05124450951683748
1 0.7109375 0.5373352855051244 0.0205078125 0.043923865300146414
1 0.670859375 0.6347584187408493 0.07707031250000007 0.06363103953147882
1 0.80859375 0.6068814055636896 0.04452148437499992 0.056193265007320636
1 0.40869140625 0.5120790629575402 0.028759765625000044 0.040424597364568104
1 0.75439453125 0.6233528550512445 0.05813476562499997 0.059209370424597445
1 0.365234375 0.5120790629575402 0.018935546874999987 0.040658857979502167
1 0.425048828125 0.6218887262079063 0.04009765624999995 0.08556368960468529
1 0.8720703125 0.5973645680819912 0.03390625000000003 0.07992679355783314
1 0.4384765625 0.531112737920937 0.020146484374999996 0.04436310395314781
1 0.61572265625 0.6160322108345534 0.043212890625 0.03367496339677892
1 0.587890625 0.6588579795021962 0.030332031249999947 0.08431918008784778
1 0.615234375 0.6504392386530015 0.04327148437499995 0.09329428989751103
1 0.84619140625 0.6434846266471449 0.03043945312500007 0.07109809663250358
1 0.55419921875 0.6295754026354319 0.03301757812499995 0.030204978038067345
1 0.55419921875 0.66398243045388 0.03436523437500005 0.08715959004392383
1 0.97900390625 0.5937042459736457 0.030380859374999902 0.029897510980966265
1 0.98779296875 0.623718887262079 0.0244140625 0.08199121522693997