1 0.13525390625 0.4765739385065886 0.033203125 0.060029282576866766
1 0.16455078125 0.4780380673499268 0.03125 0.05417276720351391
1 0.2685546875 0.5322108345534406 0.0546875 0.07906295754026355
1 0.3232421875 0.5519765739385066 0.04296875 0.07759882869692533
1 0.6220703125 0.5673499267935578 0.0322265625 0.05710102489019034
1 0.70556640625 0.5812591508052709 0.0244140625 0.048316251830161056
1 0.65673828125 0.6691068814055637 0.08203125 0.07906295754026355
1 0.7958984375 0.6705710102489019 0.048828125 0.06442166910688141
1 0.40869140625 0.49267935578330896 0.0322265625 0.04538799414348463
1 0.740234375 0.6749633967789166 0.0634765625 0.07027818448023426
1 0.365234375 0.4838945827232797 0.0224609375 0.043923865300146414
1 0.41455078125 0.6054172767203514 0.0478515625 0.09370424597364568
1 0.859375 0.6742313323572474 0.041015625 0.08638360175695461
1 0.43603515625 0.5183016105417276 0.0244140625 0.048316251830161056
1 0.60400390625 0.6390922401171303 0.0458984375 0.0424597364568082
1 0.572265625 0.6756954612005857 0.0380859375 0.08931185944363104
1 0.60009765625 0.6727672035139092 0.0517578125 0.10102489019033675
1 0.82958984375 0.7144948755490483 0.037109375 0.07613469985358712
1 0.54150390625 0.6398243045387995 0.03515625 0.036603221083455345
1 0.53857421875 0.6734992679355783 0.0419921875 0.09370424597364568
1 0.9658203125 0.6925329428989752 0.033203125 0.036603221083455345
1 0.9716796875 0.7240117130307467 0.0322265625 0.08638360175695461