1 0.029296875 0.16145833333333334 0.029296875 0.041666666666666664
1 0.07373046875 0.16341145833333334 0.046875 0.048177083333333336
1 0.1142578125 0.3307291666666667 0.1123046875 0.09375
1 0.13330078125 0.3020833333333333 0.107421875 0.06380208333333333
1 0.1337890625 0.17057291666666666 0.07421875 0.055989583333333336
1 0.451171875 0.4915364583333333 0.345703125 0.3736979166666667
1 0.3818359375 0.18815104166666666 0.0302734375 0.044270833333333336
1 0.43505859375 0.18619791666666666 0.068359375 0.05859375
1 0.69970703125 0.5690104166666666 0.2958984375 0.3515625
1 0.8369140625 0.2864583333333333 0.072265625 0.09244791666666667
1 0.97998046875 0.2916666666666667 0.0400390625 0.09114583333333333
1 0.47412109375 0.2779947916666667 0.0830078125 0.11848958333333333
1 0.97314453125 0.22135416666666666 0.033203125 0.052083333333333336