1 0.0205078125 0.18359375 0.0283203125 0.040364583333333336
1 0.065361328125 0.18333333333333335 0.045771484375000004 0.04636718750000002
1 0.10986328125 0.3489583333333333 0.1103515625 0.08854166666666667
1 0.12841796875 0.3190104166666667 0.10546875 0.05859375
1 0.125234375 0.18779947916666664 0.07273437500000002 0.05269531249999996
1 0.451171875 0.4934895833333333 0.3369140625 0.3580729166666667
1 0.37353515625 0.19401041666666666 0.029296875 0.04296875
1 0.426796875 0.18942708333333333 0.06649414062500003 0.05592447916666665
1 0.701171875 0.5598958333333334 0.287109375 0.3385416666666667
1 0.8310546875 0.2708333333333333 0.0703125 0.08984375
1 0.97705078125 0.2701822916666667 0.0439453125 0.08854166666666667
1 0.4682226562499999 0.27959635416666667 0.07978515625000004 0.1148567708333333
1 0.965458984375 0.19934895833333333 0.03173828125 0.05089843749999997