1 0.4873046875 0.88671875 0.2109375 0.2265625
1 0.3359375 0.8541666666666666 0.1513671875 0.2877604166666667
1 0.30126953125 0.7057291666666666 0.080078125 0.09765625
1 0.38525390625 0.712890625 0.1162109375 0.14322916666666666
1 0.677734375 0.89453125 0.1845703125 0.19921875
1 0.56982421875 0.728515625 0.1279296875 0.18098958333333334
1 0.4541015625 0.71484375 0.1025390625 0.14322916666666666
1 0.22900390625 0.6946614583333334 0.0888671875 0.18880208333333334
1 0.29248046875 0.6419270833333334 0.0966796875 0.09895833333333333
1 0.82568359375 0.9140625 0.244140625 0.14453125
1 0.95361328125 0.8170572916666666 0.0927734375 0.12890625
1 0.92431640625 0.7877604166666666 0.1513671875 0.16666666666666666
1 0.78759765625 0.83984375 0.2080078125 0.16796875
1 0.7041015625 0.787109375 0.17578125 0.1328125
1 0.64013671875 0.7565104166666666 0.130859375 0.1171875
1 0.66064453125 0.6946614583333334 0.13671875 0.1328125