1 0.47265625 0.8899739583333334 0.2021484375 0.22005208333333334
1 0.32203125 0.8422135416666667 0.14033203125000004 0.27889322916666676
1 0.29349609375 0.6918098958333333 0.07650390625000003 0.09238281250000006
1 0.377138671875 0.7044661458333333 0.11069335937500002 0.1357421875
1 0.6620703125 0.9062760416666666 0.17750976562499998 0.18744791666666671
1 0.560537109375 0.7333463541666667 0.12107421875000002 0.17244791666666673
1 0.44595703125 0.7112369791666667 0.09717773437499999 0.13725260416666676
1 0.22162109375 0.67546875 0.08163085937500003 0.18302083333333327
1 0.287373046875 0.6272786458333334 0.09358398437500004 0.09264322916666679
1 0.80908203125 0.9361979166666666 0.2392578125 0.12760416666666666
1 0.948505859375 0.8497265625 0.10298828125000004 0.12248697916666658
1 0.9166796875 0.818046875 0.15374023437500006 0.15579427083333344
1 0.773759765625 0.8595963541666666 0.2023828125 0.15425781250000004
1 0.6926953125 0.8009765624999999 0.17109375000000004 0.12122395833333321
1 0.630078125 0.7657552083333333 0.1270800781250001 0.10794270833333346
1 0.6526171875 0.7055598958333333 0.13237304687499996 0.12373697916666664