1 0.0517578125 0.6649417852522639 0.037109375 0.054333764553686936
1 0.0703125 0.6591203104786546 0.03125 0.04657179818887452
1 0.25732421875 0.46248382923674 0.017578125 0.015523932729624839
1 0.2763671875 0.351228978007762 0.0166015625 0.02457956015523933
1 0.265625 0.4611901681759379 0.021484375 0.02069857697283312
1 0.26171875 0.5944372574385511 0.0302734375 0.0517464424320828
1 0.30126953125 0.46959896507115134 0.0234375 0.040103492884864166
1 0.3095703125 0.5963777490297542 0.04296875 0.050452781371280724
1 0.3232421875 0.5782664941785253 0.0673828125 0.09831824062095731
1 0.3955078125 0.4217335058214748 0.03515625 0.03622250970245795
1 0.4853515625 0.8363518758085382 0.0517578125 0.0944372574385511
1 0.52734375 0.5226390685640362 0.03515625 0.04657179818887452
1 0.6650390625 0.4385510996119017 0.01953125 0.028460543337645538
1 0.7646484375 0.4799482535575679 0.0107421875 0.014230271668822769
1 0.7861328125 0.46054333764553684 0.01171875 0.0129366106080207
1 0.78466796875 0.6041397153945667 0.013671875 0.015523932729624839
1 0.79150390625 0.907503234152652 0.080078125 0.09961190168175937
1 0.8359375 0.4611901681759379 0.01171875 0.015523932729624839
1 0.91015625 0.5937904269081501 0.021484375 0.019404915912031046
1 0.94091796875 0.5168175937904269 0.0107421875 0.0129366106080207