1 0.07666015625 0.7561448900388098 0.0322265625 0.047865459249676584
1 0.09423828125 0.7464424320827943 0.0263671875 0.04139715394566624
1 0.255859375 0.5129366106080206 0.0166015625 0.01164294954721863
1 0.26171875 0.39909443725743854 0.0146484375 0.02199223803363519
1 0.26416015625 0.5103492884864166 0.01953125 0.016817593790426907
1 0.27587890625 0.6429495472186287 0.025390625 0.04657179818887452
1 0.30029296875 0.5109961190168176 0.01953125 0.03622250970245795
1 0.3232421875 0.6345407503234153 0.0380859375 0.042690815006468305
1 0.33447265625 0.6138421733505821 0.0576171875 0.08796895213454076
1 0.3876953125 0.444372574385511 0.0322265625 0.029754204398447608
1 0.525390625 0.8350582147477361 0.0419921875 0.08667529107373868
1 0.52978515625 0.5168175937904269 0.0302734375 0.04139715394566624
1 0.65576171875 0.4049159120310479 0.0166015625 0.0258732212160414
1 0.75927734375 0.425614489003881 0.009765625 0.0129366106080207
1 0.77783203125 0.4016817593790427 0.0107421875 0.01034928848641656
1 0.79345703125 0.5439844760672704 0.0126953125 0.0129366106080207
1 0.8359375 0.8421733505821475 0.0703125 0.08667529107373868
1 0.8271484375 0.39197930142302717 0.0107421875 0.0129366106080207
1 0.916015625 0.5077619663648124 0.01953125 0.015523932729624839
1 0.9375 0.42496765847347995 0.009765625 0.01164294954721863