1 0.4326171875 0.9312865497076024 0.068359375 0.08333333333333333
1 0.14306640625 0.9027777777777778 0.0615234375 0.06871345029239766
1 0.609375 0.8969298245614035 0.0654296875 0.0804093567251462
1 0.87744140625 0.7339181286549707 0.02734375 0.04678362573099415
1 0.892578125 0.7185672514619883 0.0263671875 0.04824561403508772
1 0.96484375 0.7141812865497076 0.0361328125 0.04824561403508772
1 0.978515625 0.702485380116959 0.02734375 0.04239766081871345
1 0.98095703125 0.756578947368421 0.0380859375 0.05116959064327485
1 0.95751953125 0.783625730994152 0.0302734375 0.06432748538011696
1 0.9306640625 0.8201754385964912 0.037109375 0.06871345029239766
1 0.90185546875 0.8201754385964912 0.033203125 0.07602339181286549
1 0.6650390625 0.8238304093567251 0.037109375 0.05263157894736842
1 0.6708984375 0.810672514619883 0.0498046875 0.059941520467836254
1 0.63525390625 0.7902046783625731 0.0341796875 0.05263157894736842
1 0.595703125 0.7967836257309941 0.0439453125 0.054093567251461985
1 0.55078125 0.8830409356725146 0.05078125 0.07309941520467836
1 0.50732421875 0.8435672514619883 0.0546875 0.07456140350877193
1 0.47021484375 0.7748538011695907 0.037109375 0.05263157894736842
1 0.466796875 0.8866959064327485 0.048828125 0.059941520467836254
1 0.31298828125 0.9590643274853801 0.0751953125 0.08187134502923976
1 0.3720703125 0.9671052631578947 0.05859375 0.06578947368421052
1 0.24951171875 0.8940058479532164 0.0341796875 0.06725146198830409
1 0.1572265625 0.9312865497076024 0.0478515625 0.08187134502923976
1 0.095703125 0.9378654970760234 0.0458984375 0.08771929824561403
1 0.3544921875 0.7865497076023392 0.02734375 0.04678362573099415
1 0.40185546875 0.8026315789473685 0.0419921875 0.05701754385964912
1 0.42041015625 0.783625730994152 0.0341796875 0.04678362573099415
1 0.4296875 0.7697368421052632 0.0390625 0.054093567251461985
1 0.5625 0.5840643274853801 0.01953125 0.024853801169590642
1 0.5205078125 0.5723684210526315 0.0185546875 0.021929824561403508
1 0.5302734375 0.5182748538011696 0.017578125 0.023391812865497075