1 0.388447265625 0.9098684210526317 0.061972656250000036 0.06915204678362566
1 0.10546875 0.814327485380117 0.056640625 0.05555555555555555
1 0.56640625 0.9173976608187134 0.0595703125 0.06725146198830409
1 0.848525390625 0.8191520467836256 0.023261718749999938 0.041959064327485446
1 0.864814453125 0.8080409356725147 0.022021484374999956 0.044108187134503034
1 0.936806640625 0.8207602339181286 0.03197265625000001 0.04141812865497065
1 0.9515625 0.8117836257309942 0.02392578125 0.03660818713450287
1 0.94982421875 0.8666812865497076 0.03546874999999994 0.043260233918128534
1 0.9223046875 0.8876315789473684 0.024277343749999902 0.05890350877192977
1 0.89197265625 0.9170906432748538 0.03125 0.06156432748537997
1 0.86369140625 0.9101169590643274 0.02604492187500007 0.07013157894736846
1 0.629384765625 0.8586695906432749 0.03232421874999991 0.04624269005847969
1 0.63650390625 0.8469590643274855 0.04494140624999998 0.04960526315789483
1 0.603251953125 0.8182309941520467 0.029980468750000044 0.046812865497075994
1 0.563349609375 0.8152923976608186 0.039990234375000044 0.04602339181286552
1 0.5098828125 0.8905263157894737 0.04489257812500003 0.06283625730994155
1 0.471181640625 0.8412573099415204 0.04890625000000004 0.06366959064327479
1 0.44173828125 0.7646783625730994 0.03261718749999998 0.045511695906432906
1 0.426728515625 0.8741374269005847 0.04393554687500001 0.050657894736842235
1 0.2665625 0.9166374269005848 0.06714843749999999 0.08074561403508775
1 0.322958984375 0.9515935672514619 0.04914062500000005 0.09681286549707606
1 0.211640625 0.8307602339181287 0.028339843749999982 0.06140350877192982
1 0.11638671875 0.8458187134502924 0.04074218750000003 0.07277777777777773
1 0.05482421875 0.8378508771929825 0.03853515625000001 0.07934210526315787
1 0.3263671875 0.7488304093567252 0.023564453124999996 0.0419298245614036
1 0.371416015625 0.7755994152046783 0.03727539062499996 0.04861111111111111
1 0.39197265625 0.761608187134503 0.030791015624999973 0.03938596491228078
1 0.4025390625 0.7499561403508772 0.03472656250000006 0.046622807017544
1 0.553076171875 0.5973391812865497 0.017314453125000018 0.020906432748537946
1 0.5128125 0.5765497076023393 0.01651367187500008 0.017821637426900665
1 0.52798828125 0.5253070175438597 0.01601562500000009 0.019312865497076077