1 0.63623046875 0.4314194577352472 0.0439453125 0.08452950558213716
1 0.90966796875 0.5614035087719298 0.1044921875 0.24880382775119617
1 0.07568359375 0.4904306220095694 0.1513671875 0.08133971291866028
1 0.25439453125 0.5964912280701754 0.1220703125 0.2743221690590112
1 0.5244140625 0.5773524720893142 0.189453125 0.31259968102073366
1 0.10302734375 0.6331738437001595 0.201171875 0.2567783094098884
1 0.77734375 0.5861244019138756 0.166015625 0.2934609250398724
1 0.97509765625 0.5741626794258373 0.0498046875 0.23604465709728867
1 0.647265625 0.5531419457735247 0.12484374999999992 0.2177830940988837
1 0.78103515625 0.4644497607655502 0.07209960937499993 0.07692185007974485
1 0.277197265625 0.44762360446570976 0.10871093749999994 0.07003189792663472
1 0.441796875 0.4422647527910686 0.06399414062499997 0.051993620414673085
1 0.47811523437500003 0.44631578947368417 0.08448242187499999 0.06009569377990422
1 0.42384765625 0.568133971291866 0.15215820312499995 0.2380542264752791
1 0.542734375 0.4168102073365231 0.07071289062500008 0.052200956937799074
1 0.80908203125 0.37079744816586924 0.05966796874999991 0.05259968102073368
1 0.909208984375 0.35821371610845293 0.03200195312499998 0.07368421052631577
1 0.92814453125 0.3439234449760765 0.025175781249999973 0.07186602870813398
1 0.9588671875 0.3405901116427432 0.023320312500000107 0.05422647527910686
1 0.93794921875 0.4245135566188198 0.07011718749999996 0.0627272727272728
1 0.89412109375 0.4468102073365231 0.06588867187500003 0.0951515151515151