1 0.63525390625 0.4274322169059011 0.044921875 0.0861244019138756
1 0.91015625 0.5494417862838915 0.107421875 0.25199362041467305
1 0.07568359375 0.5023923444976076 0.1513671875 0.0861244019138756
1 0.25537109375 0.6036682615629984 0.125 0.27751196172248804
1 0.525390625 0.5765550239234449 0.1923828125 0.31738437001594894
1 0.1044921875 0.6443381180223285 0.2041015625 0.2631578947368421
1 0.7783203125 0.5781499202551834 0.1689453125 0.2982456140350877
1 0.974609375 0.5606060606060606 0.05078125 0.23763955342902712
1 0.64794921875 0.5486443381180224 0.126953125 0.22169059011164274
1 0.78076171875 0.45614035087719296 0.0732421875 0.07974481658692185
1 0.27685546875 0.45374800637958534 0.109375 0.0733652312599681
1 0.44140625 0.44417862838915473 0.064453125 0.05422647527910686
1 0.4775390625 0.44657097288676234 0.0849609375 0.06220095693779904
1 0.4248046875 0.5701754385964912 0.154296875 0.24242424242424243
1 0.5419921875 0.4154704944178628 0.0712890625 0.05422647527910686
1 0.8076171875 0.3620414673046252 0.060546875 0.05422647527910686
1 0.90771484375 0.34688995215311 0.033203125 0.07496012759170653
1 0.92626953125 0.3317384370015949 0.0263671875 0.0733652312599681
1 0.95703125 0.3277511961722488 0.0234375 0.05422647527910686
1 0.93701171875 0.41228070175438597 0.0703125 0.06539074960127592
1 0.8935546875 0.4354066985645933 0.0673828125 0.09728867623604466