1 0.64794921875 0.1171875 0.046875 0.08463541666666667
1 0.58935546875 0.10286458333333333 0.0693359375 0.09244791666666667
1 0.77587890625 0.14778645833333334 0.0732421875 0.109375
1 0.703125 0.13541666666666666 0.064453125 0.10286458333333333
1 0.845703125 0.115234375 0.0419921875 0.049479166666666664
1 0.9638671875 0.09440104166666667 0.0361328125 0.053385416666666664
1 0.9794921875 0.197265625 0.041015625 0.05078125
1 0.9775390625 0.14322916666666666 0.044921875 0.0390625
1 0.8974609375 0.12565104166666666 0.0439453125 0.07682291666666667
1 0.77490234375 0.061848958333333336 0.03125 0.046875
1 0.69677734375 0.055989583333333336 0.0224609375 0.059895833333333336
1 0.64697265625 0.05078125 0.0380859375 0.044270833333333336
1 0.52294921875 0.12760416666666666 0.07421875 0.08072916666666667
1 0.4794921875 0.08333333333333333 0.052734375 0.049479166666666664
1 0.48974609375 0.0390625 0.08984375 0.0625
1 0.419921875 0.057942708333333336 0.04296875 0.07682291666666667
1 0.34619140625 0.014322916666666666 0.0302734375 0.028645833333333332
1 0.04052734375 0.020833333333333332 0.0244140625 0.041666666666666664
1 0.1796875 0.08333333333333333 0.056640625 0.052083333333333336
1 0.26318359375 0.08138020833333333 0.0966796875 0.10546875
1 0.20166015625 0.033854166666666664 0.0673828125 0.06770833333333333
1 0.09326171875 0.037109375 0.0498046875 0.07421875
1 0.11865234375 0.61328125 0.2373046875 0.4973958333333333
1 0.421875 0.68359375 0.2333984375 0.4244791666666667
1 0.79833984375 0.736328125 0.2509765625 0.4700520833333333
1 0.82470703125 0.341796875 0.1884765625 0.20182291666666666