1 0.14208984375 0.029296875 0.025390625 0.026041666666666668
1 0.09716796875 0.033203125 0.025390625 0.037760416666666664
1 0.62255859375 0.1015625 0.0419921875 0.07942708333333333
1 0.56298828125 0.09375 0.0634765625 0.0859375
1 0.751953125 0.1171875 0.06640625 0.1015625
1 0.6787109375 0.11328125 0.05859375 0.09635416666666667
1 0.8193359375 0.07682291666666667 0.0390625 0.045572916666666664
1 0.935546875 0.042317708333333336 0.033203125 0.049479166666666664
1 0.9697265625 0.14192708333333334 0.060546875 0.044270833333333336
1 0.96435546875 0.08854166666666667 0.06640625 0.03125
1 0.87158203125 0.08072916666666667 0.0390625 0.07291666666666667
1 0.7451171875 0.031901041666666664 0.0283203125 0.044270833333333336
1 0.6669921875 0.034505208333333336 0.0185546875 0.05859375
1 0.6171875 0.03515625 0.03515625 0.040364583333333336
1 0.49853515625 0.12630208333333334 0.0693359375 0.07291666666666667
1 0.4521484375 0.08723958333333333 0.0498046875 0.044270833333333336
1 0.45947265625 0.042317708333333336 0.0869140625 0.052083333333333336
1 0.39111328125 0.06901041666666667 0.0380859375 0.07291666666666667
1 0.3154296875 0.03125 0.0283203125 0.032552083333333336
1 0.01025390625 0.06510416666666667 0.0205078125 0.0625
1 0.15380859375 0.12239583333333333 0.0537109375 0.045572916666666664
1 0.23681640625 0.11067708333333333 0.0908203125 0.09505208333333333
1 0.17236328125 0.0703125 0.0634765625 0.0625
1 0.06396484375 0.080078125 0.044921875 0.08072916666666667
1 0.11572265625 0.6595052083333334 0.2314453125 0.47265625
1 0.43408203125 0.6920572916666666 0.2080078125 0.40234375
1 0.8125 0.7005208333333334 0.22265625 0.4453125
1 0.81298828125 0.3046875 0.1767578125 0.18229166666666666