1 0.6103515625 0.3053385416666667 0.1220703125 0.1484375
1 0.75146484375 0.23828125 0.1083984375 0.14192708333333334
1 0.8447265625 0.255859375 0.1123046875 0.12109375
1 0.47509765625 0.71484375 0.29296875 0.15625
1 0.10693359375 0.23697916666666666 0.1943359375 0.13541666666666666
1 0.15234375 0.7220052083333334 0.248046875 0.4283854166666667
1 0.367705078125 0.8923307291666666 0.5509472656250001 0.2153255208333332
1 0.051083984375 0.8623828124999999 0.10216796875 0.27522135416666654
1 0.141552734375 0.5246744791666667 0.26888671875000003 0.1414453125
1 0.18453125 0.42891927083333337 0.2376171875 0.10618489583333328
1 0.0583984375 0.36736979166666667 0.110966796875 0.10289062499999997
1 0.025693359375 0.43579427083333333 0.05138671875 0.11473958333333334
1 0.190673828125 0.33891927083333334 0.15500976562500002 0.11889322916666674
1 0.062451171875 0.11764322916666665 0.09115234375 0.1190625
1 0.234765625 0.14330729166666667 0.156669921875 0.09747395833333335
1 0.31611328125 0.2704947916666667 0.16584960937500004 0.1070442708333333
1 0.41099609375 0.30506510416666666 0.171396484375 0.1345442708333333
1 0.429677734375 0.46608072916666665 0.317626953125 0.2065755208333333
1 0.504326171875 0.5986588541666666 0.3831738281250001 0.21651041666666662
1 0.79177734375 0.7851432291666667 0.27703125000000006 0.28220052083333336
1 0.79958984375 0.6663411458333334 0.27312500000000006 0.23729166666666668
1 0.811318359375 0.4776171875 0.19888671875000008 0.17234375000000002
1 0.64625 0.4599479166666667 0.18136718750000003 0.18910156250000001
1 0.74587890625 0.3753645833333333 0.12663085937500007 0.12407552083333329
1 0.94724609375 0.2773697916666667 0.10422851562500002 0.11559895833333338
1 0.977841796875 0.20875 0.04431640625000011 0.11899739583333331
1 0.920732421875 0.1414453125 0.09026367187500006 0.11979166666666667
1 0.802412109375 0.12842447916666666 0.1426855468749999 0.11979166666666667
1 0.65126953125 0.136796875 0.18303710937500006 0.08446614583333334
1 0.46318359375 0.18123697916666667 0.1725 0.08480468749999999
1 0.468203125 0.11727864583333332 0.13509765625000003 0.07145833333333333
1 0.45760742187500003 0.05833333333333333 0.08598632812499996 0.088984375
1 0.36705078125 0.0499609375 0.10304687499999998 0.09828125
1 0.567294921875 0.055364583333333335 0.08260742187499992 0.04658854166666667
1 0.658271484375 0.06930989583333332 0.06533203125000009 0.07446614583333333
1 0.034482421875 0.03679687500000001 0.06896484375 0.06868489583333333