1 0.5947265625 0.291015625 0.1328125 0.1640625
1 0.7294921875 0.20442708333333334 0.119140625 0.15625
1 0.82373046875 0.208984375 0.12109375 0.13671875
1 0.4921875 0.7174479166666666 0.3037109375 0.19661458333333334
1 0.09521484375 0.29296875 0.1904296875 0.16145833333333334
1 0.171875 0.76953125 0.2802734375 0.4609375
1 0.3994140625 0.8815104166666666 0.564453125 0.23697916666666666
1 0.08203125 0.8893229166666666 0.123046875 0.22135416666666666
1 0.1455078125 0.57421875 0.2783203125 0.17838541666666666
1 0.1806640625 0.4733072916666667 0.2451171875 0.13932291666666666
1 0.0546875 0.4296875 0.109375 0.1171875
1 0.02685546875 0.501953125 0.0537109375 0.12109375
1 0.1796875 0.3828125 0.1630859375 0.13932291666666666
1 0.0419921875 0.18033854166666666 0.083984375 0.13151041666666666
1 0.20849609375 0.18229166666666666 0.1630859375 0.11848958333333333
1 0.29931640625 0.2975260416666667 0.1728515625 0.13020833333333334
1 0.39599609375 0.318359375 0.1806640625 0.15755208333333334
1 0.42724609375 0.4759114583333333 0.33203125 0.25
1 0.51220703125 0.59765625 0.3984375 0.2682291666666667
1 0.8125 0.7428385416666666 0.2978515625 0.3190104166666667
1 0.81103515625 0.6236979166666666 0.2900390625 0.2734375
1 0.8076171875 0.4342447916666667 0.2109375 0.19921875
1 0.64208984375 0.4401041666666667 0.1953125 0.21354166666666666
1 0.73486328125 0.341796875 0.1357421875 0.140625
1 0.92724609375 0.21614583333333334 0.1123046875 0.12890625
1 0.9521484375 0.14388020833333334 0.0537109375 0.125
1 0.89013671875 0.08463541666666667 0.099609375 0.13151041666666666
1 0.771484375 0.08854166666666667 0.1513671875 0.13932291666666666
1 0.6220703125 0.11783854166666667 0.1884765625 0.109375
1 0.4384765625 0.18815104166666666 0.177734375 0.10807291666666667
1 0.4384765625 0.12369791666666667 0.1396484375 0.08984375
1 0.42333984375 0.06640625 0.0927734375 0.10026041666666667
1 0.33251953125 0.07096354166666667 0.1103515625 0.11197916666666667
1 0.5322265625 0.048177083333333336 0.0859375 0.057291666666666664
1 0.62353515625 0.049479166666666664 0.0712890625 0.08333333333333333
1 0.0185546875 0.10416666666666667 0.037109375 0.078125