1 0.75244140625 0.6262848751835536 0.1552734375 0.17474302496328928
1 0.60205078125 0.6152716593245228 0.1728515625 0.17327459618208516
1 0.9528515625 0.6442731277533039 0.09429687499999995 0.1480323054331864
1 0.87353515625 0.6255506607929515 0.10015624999999995 0.13399412628487517
1 0.87109375 0.5561674008810573 0.04543945312499997 0.03474302496328923
1 0.9619140625 0.566813509544787 0.05108398437499995 0.03650513950073424
1 0.28857421875 0.5348751835535976 0.08416992187500005 0.06176211453744485
1 0.396240234375 0.5018355359765051 0.04535156250000005 0.032011747430249565
1 0.22900390625 0.5499265785609398 0.08868164062499995 0.06961820851688688
1 0.460205078125 0.5231277533039648 0.08587890625000005 0.03822320117474298
1 0.46728515625 0.6016886930983847 0.09551757812499995 0.14032305433186482
1 0.356689453125 0.4944933920704846 0.03108398437500004 0.04491923641703382
1 0.55615234375 0.5150513950073421 0.04647460937499992 0.04397944199706321
1 0.168212890625 0.4977973568281938 0.080380859375 0.03977973568281943
1 0.71923828125 0.5502936857562408 0.08978515625000005 0.05593245227606466