1 0.74609375 0.6527165932452276 0.1630859375 0.19089574155653452
1 0.5966796875 0.6255506607929515 0.1806640625 0.19089574155653452
1 0.94482421875 0.6916299559471366 0.1005859375 0.15712187958883994
1 0.86669921875 0.6644640234948604 0.1064453125 0.14390602055800295
1 0.86767578125 0.5947136563876652 0.046875 0.039647577092511016
1 0.95751953125 0.6152716593245228 0.052734375 0.041116005873715125
1 0.28759765625 0.5124816446402349 0.0869140625 0.07048458149779736
1 0.396484375 0.4911894273127753 0.046875 0.03671071953010279
1 0.2275390625 0.5212922173274597 0.091796875 0.07929515418502203
1 0.45947265625 0.5190895741556535 0.087890625 0.04698972099853157
1 0.462890625 0.5976505139500734 0.1015625 0.14977973568281938
1 0.357421875 0.47944199706314244 0.033203125 0.048458149779735685
1 0.55517578125 0.5205580029368576 0.048828125 0.048458149779735685
1 0.1689453125 0.4632892804698972 0.08203125 0.048458149779735685
1 0.71630859375 0.5734214390602056 0.091796875 0.06461086637298091