1 0.794921875 0.8539325842696629 0.0283203125 0.017478152309612985
1 0.403017578125 0.8577028714107365 0.04010742187500005 0.03374531835205989
1 0.33171875 0.8529588014981274 0.02206054687500003 0.049238451935081216
1 0.3565625 0.8520224719101124 0.027792968750000036 0.0426966292134832
1 0.310751953125 0.8559300873907616 0.017968749999999978 0.034881398252184836
1 0.264716796875 0.8516354556803994 0.03581054687499996 0.043470661672908785
1 0.199931640625 0.8563795255930088 0.04420898437499998 0.04359550561797762
1 0.66189453125 0.8530711610486891 0.03156249999999994 0.030736579275904983
1 0.640234375 0.8549687890137329 0.017558593750000018 0.03295880149812745
1 0.6006640625 0.8583021223470662 0.030000000000000027 0.04431960049937578
1 0.5318359375 0.8424469413233457 0.017363281249999973 0.03877652933832702
1 0.551259765625 0.8460424469413232 0.014218749999999947 0.029163545568039826
1 0.49153320312500004 0.847752808988764 0.018105468749999964 0.034157303370786395
1 0.503837890625 0.8380898876404493 0.015898437499999973 0.03666666666666653
1 0.95244140625 0.8345942571785269 0.03264648437500006 0.029687890137328306
1 0.924990234375 0.8297627965043696 0.018037109375000027 0.030948813982521802
1 0.90845703125 0.8290387016229712 0.019160156249999893 0.026379525593008876
1 0.88943359375 0.8287390761548066 0.01774414062500007 0.025780274656679265
1 0.871494140625 0.8399375780274656 0.040478515625000044 0.031011235955056077