1 0.77978515625 0.8732833957553059 0.029296875 0.018726591760299626
1 0.388671875 0.8508114856429463 0.041015625 0.03620474406991261
1 0.3173828125 0.8414481897627965 0.0244140625 0.05118601747815231
1 0.34228515625 0.8420724094881398 0.029296875 0.0449438202247191
1 0.29638671875 0.8426966292134831 0.01953125 0.03620474406991261
1 0.25048828125 0.8352059925093633 0.037109375 0.046192259675405745
1 0.185546875 0.8358302122347067 0.0458984375 0.046192259675405745
1 0.6474609375 0.8632958801498127 0.033203125 0.03245942571785269
1 0.62548828125 0.8639200998751561 0.0185546875 0.033707865168539325
1 0.5859375 0.8645443196004994 0.0322265625 0.046192259675405745
1 0.517578125 0.8439450686641697 0.0185546875 0.039950062421972535
1 0.537109375 0.8489388264669163 0.015625 0.0299625468164794
1 0.4775390625 0.846441947565543 0.01953125 0.03495630461922597
1 0.490234375 0.8377028714107366 0.017578125 0.03745318352059925
1 0.93798828125 0.8645443196004994 0.0341796875 0.031210986267166042
1 0.9111328125 0.8576779026217228 0.01953125 0.03245942571785269
1 0.89453125 0.8558052434456929 0.0205078125 0.02746566791510612
1 0.87548828125 0.8545568039950062 0.0185546875 0.02746566791510612
1 0.85693359375 0.8645443196004994 0.0419921875 0.033707865168539325