1 0.14892578125 0.8657105606258149 0.052734375 0.04302477183833116
1 0.47119140625 0.9139504563233377 0.0537109375 0.05997392438070404
1 0.95556640625 0.953715775749674 0.0224609375 0.041720990873533245
1 0.15869140625 0.9745762711864406 0.03125 0.03259452411994785
1 0.146484375 0.9315514993481095 0.0302734375 0.020860495436766623
1 0.07177734375 0.9791395045632334 0.03125 0.02216427640156454
1 0.10009765625 0.8885267275097783 0.0400390625 0.03259452411994785
1 0.009765625 0.7307692307692307 0.01953125 0.027379400260756193
1 0.048828125 0.757496740547588 0.01953125 0.02607561929595828
1 0.04833984375 0.7868318122555411 0.0283203125 0.01955671447196871
1 0.03857421875 0.8135593220338984 0.0283203125 0.02998696219035202
1 0.1240234375 0.7522816166883963 0.017578125 0.02607561929595828
1 0.24267578125 0.7027379400260756 0.0263671875 0.02346805736636245
1 0.16943359375 0.7646675358539765 0.0263671875 0.020860495436766623
1 0.2822265625 0.8305084745762712 0.033203125 0.035202086049543675
1 0.35595703125 0.9113428943937418 0.0205078125 0.04302477183833116
1 0.31005859375 0.9498044328552803 0.02734375 0.03389830508474576
1 0.2919921875 0.9224250325945241 0.03125 0.02998696219035202
1 0.255859375 0.8761408083441982 0.033203125 0.02216427640156454
1 0.24072265625 0.8565840938722294 0.033203125 0.02607561929595828
1 0.40283203125 0.8402868318122555 0.0283203125 0.03129074315514994
1 0.47412109375 0.8624511082138201 0.02734375 0.03259452411994785
1 0.3857421875 0.7568448500651891 0.025390625 0.01955671447196871
1 0.404296875 0.7940026075619296 0.0205078125 0.02607561929595828
1 0.32177734375 0.833767926988266 0.03125 0.02998696219035202
1 0.2646484375 0.7959582790091264 0.0361328125 0.02607561929595828
1 0.52734375 0.8604954367666232 0.0322265625 0.02998696219035202
1 0.54736328125 0.8676662320730117 0.0302734375 0.028683181225554105
1 0.5810546875 0.8383311603650587 0.0244140625 0.028683181225554105
1 0.5478515625 0.8259452411994785 0.0224609375 0.027379400260756193
1 0.58251953125 0.9419817470664928 0.0244140625 0.04432855280312908
1 0.650390625 0.8852672750977836 0.037109375 0.027379400260756193
1 0.60888671875 0.9589308996088657 0.0341796875 0.027379400260756193
1 0.68359375 0.910039113428944 0.021484375 0.02607561929595828
1 0.79296875 0.8089960886571056 0.0244140625 0.02346805736636245
1 0.7978515625 0.8500651890482399 0.025390625 0.028683181225554105
1 0.7197265625 0.8129074315514994 0.03515625 0.020860495436766623
1 0.771484375 0.8624511082138201 0.0283203125 0.027379400260756193
1 0.73193359375 0.8794002607561929 0.025390625 0.03129074315514994
1 0.90625 0.8696219035202086 0.03125 0.03389830508474576
1 0.9521484375 0.8572359843546284 0.0205078125 0.03129074315514994
1 0.97509765625 0.878096479791395 0.0263671875 0.02998696219035202
1 0.982421875 0.9784876140808344 0.0234375 0.03650586701434159
1 0.89599609375 0.8161668839634941 0.0244140625 0.028683181225554105
1 0.953125 0.8252933507170795 0.0322265625 0.02346805736636245
1 0.92041015625 0.8500651890482399 0.03125 0.03259452411994785
1 0.85205078125 0.8370273794002607 0.0263671875 0.03129074315514994
1 0.88037109375 0.848761408083442 0.02734375 0.02998696219035202
1 0.8955078125 0.8376792698826597 0.0166015625 0.03259452411994785