1 0.15380859375 0.8735332464146024 0.0517578125 0.041720990873533245
1 0.4765625 0.9146023468057366 0.052734375 0.05867014341590613
1 0.96142578125 0.9432855280312907 0.021484375 0.041720990873533245
1 0.164873046875 0.9821642764015646 0.030898437499999987 0.03242503259452398
1 0.152041015625 0.9398305084745763 0.030205078125000007 0.019804432855280385
1 0.07814453125 0.9891525423728813 0.031435546875 0.02155149934810948
1 0.105478515625 0.8980704041720992 0.039580078125 0.031929595827900926
1 0.01123046875 0.742503259452412 0.0224609375 0.027379400260756193
1 0.052470703125 0.7679661016949152 0.0191796875 0.025123859191655776
1 0.05205078125 0.7976140808344198 0.02855468750000001 0.01860495436766621
1 0.042626953125 0.8239504563233377 0.028017578124999998 0.02904823989569749
1 0.127421875 0.7608735332464146 0.017402343749999993 0.02585397653194254
1 0.245361328125 0.7086049543676662 0.02580078124999996 0.022764015645371626
1 0.173134765625 0.7721512385919166 0.026015624999999987 0.019843546284224287
1 0.286650390625 0.8358148631029988 0.03252929687499995 0.0341199478487615
1 0.361240234375 0.9147327249022165 0.019824218749999956 0.042894393741851486
1 0.31587890625 0.9541199478487613 0.026796875000000053 0.03346805736636255
1 0.2973046875 0.9269491525423729 0.03058593750000005 0.02881355932203378
1 0.261015625 0.8815645371577575 0.03337890624999995 0.02127770534550187
1 0.24558593750000002 0.8623598435462841 0.03321289062499999 0.025514993481095094
1 0.407421875 0.8424380704041721 0.02750976562499996 0.031225554106910098
1 0.478916015625 0.8627249022164277 0.027207031250000013 0.03204693611473263
1 0.38935546875 0.7595827900912647 0.024863281250000036 0.01891786179921772
1 0.408388671875 0.7963754889178619 0.020136718750000004 0.026062581486310313
1 0.32603515625 0.838135593220339 0.030517578125 0.029465449804432737
1 0.268310546875 0.8014993481095176 0.03585937500000003 0.025123859191655776
1 0.532099609375 0.8598826597131681 0.031982421875 0.028839634941329715
1 0.551943359375 0.8666623207301174 0.03028320312499999 0.027692307692307704
1 0.58548828125 0.8362190352020861 0.024472656249999947 0.027496740547587897
1 0.551943359375 0.8246805736636245 0.022529296874999938 0.026779661016949105
1 0.588349609375 0.9401434159061278 0.023388671875000044 0.0442372881355933
1 0.655546875 0.8819687092568449 0.03711914062499999 0.02706649282920468
1 0.615068359375 0.9562451108213821 0.03432617187500009 0.02653194263363743
1 0.68900390625 0.9057757496740548 0.02138671875000009 0.024993481095176105
1 0.79685546875 0.8023728813559321 0.023857421875000062 0.02315514993481094
1 0.80232421875 0.8430508474576272 0.024550781250000098 0.02872229465449801
1 0.72361328125 0.8078617992177314 0.034619140625000044 0.02045632333767934
1 0.77595703125 0.8559322033898306 0.027656249999999938 0.02675358539765317
1 0.73671875 0.8740026075619296 0.02546874999999993 0.03099087353324639
1 0.91080078125 0.8600260756192959 0.031220703125000027 0.03285528031290749
1 0.956552734375 0.8468839634941329 0.020371093749999902 0.03016949152542386
1 0.979775390625 0.8669621903520209 0.02587890625 0.029335071707953065
1 0.98857421875 0.9669491525423729 0.02285156250000009 0.03634941329856598
1 0.89990234375 0.806870925684485 0.02431640625000009 0.028422425032594466
1 0.95748046875 0.8146414602346806 0.031689453125000044 0.02324641460234671
1 0.924990234375 0.840052151238592 0.03075195312500001 0.03142112125162961
1 0.856396484375 0.8288657105606259 0.026015625000000098 0.031003911342894357
1 0.88478515625 0.8396870925684484 0.026640624999999973 0.02903520208604952
1 0.89986328125 0.828148631029987 0.01585937500000001 0.03245110821382021