1 0.08154296875 0.7529325513196481 0.0712890625 0.20087976539589442
1 0.234375 0.7023460410557185 0.0673828125 0.13636363636363635
1 0.82666015625 0.6656891495601173 0.1259765625 0.10557184750733138
1 0.9482421875 0.658357771260997 0.103515625 0.17302052785923755
1 0.392578125 0.6957478005865103 0.0986328125 0.20234604105571846
1 0.671875 0.6840175953079178 0.12109375 0.20234604105571846
1 0.49365234375 0.6906158357771262 0.130859375 0.19648093841642228
1 0.5732421875 0.6986803519061584 0.080078125 0.17888563049853373
1 0.8583984375 0.5982404692082112 0.0439453125 0.04398826979472141
1 0.56787109375 0.6063049853372434 0.04296875 0.045454545454545456
1 0.685546875 0.6092375366568915 0.0322265625 0.03812316715542522
1 0.97705078125 0.5769794721407625 0.0458984375 0.04838709677419355
1 0.7177734375 0.6195014662756598 0.0419921875 0.05278592375366569
1 0.3408203125 0.7038123167155426 0.126953125 0.1906158357771261