1 0.07861328125 0.7419354838709677 0.0693359375 0.19941348973607037
1 0.23193359375 0.6950146627565983 0.0654296875 0.1348973607038123
1 0.82453125 0.6738709677419354 0.12479492187499996 0.10304985337243398
1 0.94677734375 0.6704545454545454 0.10210937499999995 0.1705425219941348
1 0.390244140625 0.6930058651026393 0.09622070312499997 0.1992375366568913
1 0.669921875 0.6887829912023461 0.1187792968750001 0.19960410557184766
1 0.4912109375 0.6902492668621701 0.1283007812500001 0.1935483870967742
1 0.57080078125 0.7005131964809385 0.0784960937500001 0.17687683284457495
1 0.857421875 0.6077712609970675 0.0439453125 0.04255131964809381
1 0.56640625 0.6077712609970675 0.04217773437500005 0.04417888563049853
1 0.68408203125 0.6140029325513197 0.03162109375000011 0.0371554252199414
1 0.9765625 0.5905425219941349 0.04629882812500008 0.046671554252199474
1 0.71630859375 0.625366568914956 0.04107421874999995 0.05177419354838702
1 0.338505859375 0.6992961876832846 0.12434570312500004 0.1873753665689149