1 0.8232421875 0.5708029197080292 0.095703125 0.11678832116788321
1 0.306640625 0.5781021897810219 0.125 0.10510948905109489
1 0.4677734375 0.5970802919708029 0.1240234375 0.11532846715328467
1 0.5751953125 0.6291970802919709 0.0908203125 0.13284671532846715
1 0.9306640625 0.48613138686131385 0.056640625 0.06423357664233577
1 0.38720703125 0.5956204379562043 0.0556640625 0.09781021897810219
1 0.42822265625 0.5576642335766423 0.05859375 0.10656934306569343
1 0.50634765625 0.5467153284671533 0.0849609375 0.11240875912408758
1 0.37255859375 0.5467153284671533 0.0693359375 0.08613138686131387
1 0.6083984375 0.5751824817518248 0.095703125 0.12262773722627737
1 0.69091796875 0.5781021897810219 0.08984375 0.14014598540145987
1 0.673828125 0.5445255474452555 0.0888671875 0.11386861313868613
1 0.76318359375 0.5656934306569343 0.0947265625 0.11970802919708029