1 0.8193359375 0.6043795620437956 0.0908203125 0.10802919708029197
1 0.3037109375 0.5576642335766423 0.12109375 0.09343065693430656
1 0.46337890625 0.5934306569343065 0.119140625 0.10364963503649635
1 0.5690234375 0.6365693430656935 0.0849609375 0.12408759124087591
1 0.93017578125 0.5313868613138686 0.0537109375 0.058394160583941604
1 0.382998046875 0.5833868613138686 0.051562499999999956 0.09332846715328459
1 0.4257421875 0.5500875912408759 0.05368164062500003 0.10122627737226282
1 0.5040625 0.5471532846715329 0.07982421875000001 0.10484671532846723
1 0.370458984375 0.533036496350365 0.06605468749999999 0.07889051094890506
1 0.604873046875 0.586087591240876 0.09083984374999998 0.11363503649635041
1 0.68673828125 0.5976058394160584 0.08420898437500002 0.13124087591240874
1 0.67140625 0.5622773722627737 0.08465820312500005 0.10484671532846723
1 0.759326171875 0.5933138686131387 0.09010742187499998 0.11048175182481744