1 0.12646484375 0.4803921568627451 0.0537109375 0.16339869281045752
1 0.232421875 0.6830065359477124 0.1201171875 0.2679738562091503
1 0.65576171875 0.7761437908496732 0.158203125 0.39215686274509803
1 0.83935546875 0.8251633986928104 0.1259765625 0.34967320261437906
1 0.4208984375 0.7516339869281046 0.1611328125 0.3300653594771242
1 0.708984375 0.6830065359477124 0.0732421875 0.17647058823529413
1 0.57080078125 0.7973856209150327 0.1220703125 0.29411764705882354
1 0.19287109375 0.3709150326797386 0.03515625 0.09803921568627451
1 0.28759765625 0.4215686274509804 0.033203125 0.0915032679738562
1 0.5537109375 0.5032679738562091 0.03125 0.06209150326797386
1 0.60693359375 0.5375816993464052 0.033203125 0.0784313725490196
1 0.505859375 0.4803921568627451 0.02734375 0.058823529411764705
1 0.49462890625 0.4738562091503268 0.0244140625 0.058823529411764705
1 0.43115234375 0.42810457516339867 0.0185546875 0.0457516339869281
1 0.66259765625 0.5179738562091504 0.02734375 0.05555555555555555
1 0.63623046875 0.5130718954248366 0.0244140625 0.058823529411764705
1 0.7041015625 0.5294117647058824 0.0263671875 0.06535947712418301