1 0.127548828125 0.5890196078431373 0.04984375000000002 0.14836601307189534
1 0.23798828125 0.7602287581699346 0.11472656250000002 0.23565359477124187
1 0.6626171875 0.7303921568627451 0.14946289062499996 0.34967320261437906
1 0.84765625 0.7483660130718954 0.1171875 0.3627450980392157
1 0.427734375 0.7745098039215687 0.154296875 0.2875816993464052
1 0.7128125 0.6220588235294118 0.06926757812500006 0.15748366013071893
1 0.578271484375 0.7754901960784314 0.11538085937500009 0.2604901960784315
1 0.19052734375 0.4603921568627451 0.03282226562500001 0.08993464052287575
1 0.286396484375 0.48457516339869283 0.03148437500000001 0.08140522875817002
1 0.5535546875 0.4872222222222222 0.030058593749999973 0.0548692810457517
1 0.6073828125 0.5061764705882352 0.031201171875000044 0.06813725490196086
1 0.505361328125 0.4780392156862745 0.026142578124999982 0.05241830065359484
1 0.493779296875 0.4749019607843137 0.022685546875000018 0.05297385620915026
1 0.429580078125 0.4487581699346405 0.017353515624999982 0.039346405228758236
1 0.662255859375 0.47075163398692815 0.026494140625000107 0.04692810457516344
1 0.636298828125 0.47359477124183 0.02286132812500008 0.0526143790849674
1 0.7038671875 0.46970588235294114 0.025419921874999973 0.058496732026143715