1 0.0400390625 0.32006920415224915 0.0126953125 0.01384083044982699
1 0.0673828125 0.4126297577854671 0.0283203125 0.05709342560553633
1 0.09619140625 0.41608996539792387 0.029296875 0.05709342560553633
1 0.25439453125 0.71280276816609 0.1015625 0.2301038062283737
1 0.306640625 0.509515570934256 0.03125 0.031141868512110725
1 0.35791015625 0.527681660899654 0.0224609375 0.03806228373702422
1 0.3701171875 0.4541522491349481 0.025390625 0.0328719723183391
1 0.38037109375 0.7240484429065744 0.1181640625 0.22491349480968859
1 0.37841796875 0.4359861591695502 0.0146484375 0.012110726643598616
1 0.40576171875 0.5406574394463668 0.0361328125 0.031141868512110725
1 0.4365234375 0.4437716262975779 0.0126953125 0.01730103806228374
1 0.44970703125 0.4835640138408305 0.01953125 0.02249134948096886
1 0.44970703125 0.4602076124567474 0.0107421875 0.01384083044982699
1 0.455078125 0.551038062283737 0.0263671875 0.02422145328719723
1 0.4658203125 0.4844290657439446 0.021484375 0.02768166089965398
1 0.486328125 0.49653979238754326 0.0126953125 0.015570934256055362
1 0.5029296875 0.49048442906574397 0.0146484375 0.020761245674740483
1 0.5302734375 0.592560553633218 0.0400390625 0.03806228373702422
1 0.5615234375 0.532871972318339 0.033203125 0.04671280276816609
1 0.56884765625 0.504325259515571 0.01953125 0.020761245674740483
1 0.65283203125 0.5882352941176471 0.0302734375 0.04498269896193772
1 0.65869140625 0.8399653979238755 0.1123046875 0.2301038062283737
1 0.69970703125 0.5493079584775087 0.01953125 0.025951557093425604
1 0.71337890625 0.5527681660899654 0.0166015625 0.01903114186851211
1 0.8408203125 0.6003460207612457 0.0205078125 0.020761245674740483
1 0.86376953125 0.6314878892733564 0.0126953125 0.010380622837370242
1 0.91796875 0.6038062283737025 0.0244140625 0.02422145328719723
1 0.9501953125 0.6193771626297578 0.01953125 0.01730103806228374