1 0.029296875 0.47837370242214533 0.01171875 0.010380622837370242
1 0.06591796875 0.5605536332179931 0.0234375 0.050173010380622836
1 0.0947265625 0.5544982698961938 0.0244140625 0.050173010380622836
1 0.28173828125 0.7915224913494809 0.0810546875 0.20588235294117646
1 0.31103515625 0.5743944636678201 0.029296875 0.02249134948096886
1 0.36328125 0.5752595155709342 0.01953125 0.0328719723183391
1 0.36767578125 0.4991349480968858 0.0234375 0.025951557093425604
1 0.40673828125 0.7603806228373703 0.0986328125 0.19550173010380623
1 0.37353515625 0.47837370242214533 0.013671875 0.006920415224913495
1 0.412109375 0.5717993079584776 0.0341796875 0.020761245674740483
1 0.431640625 0.4662629757785467 0.01171875 0.01384083044982699
1 0.44873046875 0.5008650519031141 0.017578125 0.01730103806228374
1 0.4462890625 0.47837370242214533 0.009765625 0.010380622837370242
1 0.46142578125 0.5648788927335641 0.025390625 0.015570934256055362
1 0.46484375 0.49653979238754326 0.01953125 0.020761245674740483
1 0.486328125 0.5008650519031141 0.01171875 0.012110726643598616
1 0.501953125 0.48961937716262977 0.013671875 0.015570934256055362
1 0.53955078125 0.5804498269896193 0.0380859375 0.025951557093425604
1 0.56396484375 0.5112456747404844 0.0302734375 0.03633217993079585
1 0.56787109375 0.4809688581314879 0.0185546875 0.015570934256055362
1 0.65966796875 0.5346020761245674 0.02734375 0.03633217993079585
1 0.6923828125 0.7802768166089965 0.091796875 0.20242214532871972
1 0.701171875 0.4809688581314879 0.017578125 0.020761245674740483
1 0.71533203125 0.47923875432525953 0.015625 0.01384083044982699
1 0.84521484375 0.4835640138408305 0.01953125 0.01384083044982699
1 0.87109375 0.5060553633217993 0.01171875 0.006920415224913495
1 0.92138671875 0.4602076124567474 0.0234375 0.01730103806228374
1 0.95458984375 0.46539792387543255 0.0185546875 0.010380622837370242