1 0.81048828125 0.8831640625 0.1688183593749999 0.1124218749999999
1 0.5634765625 0.9301953125 0.08416992187500005 0.13960937500000004
1 0.23974609375 0.9296875 0.08990234374999995 0.10579427083333333
1 0.67822265625 0.8372395833333334 0.07464843750000005 0.12117187499999993
1 0.54833984375 0.8509114583333334 0.0831347656250001 0.09847656250000014
1 0.425537109375 0.7389322916666666 0.06426757812499995 0.07080729166666681
1 0.465087890625 0.94921875 0.1134082031250001 0.09236979166666674
1 0.7724609375 0.7903645833333334 0.0703125 0.09610677083333326
1 0.146728515625 0.8860677083333334 0.0975390625 0.0876432291666666
1 0.34521484375 0.8177083333333334 0.05389648437500005 0.09326822916666681
1 0.251953125 0.8274739583333334 0.094853515625 0.06160156249999993
1 0.3779296875 0.916015625 0.090576171875 0.08513020833333347
1 0.8759765625 0.7584635416666666 0.06878906250000005 0.10563802083333347
1 0.398681640625 0.818359375 0.08868164062499995 0.07186197916666674
1 0.299072265625 0.7389322916666666 0.04779296875000005 0.05859375
1 0.338623046875 0.708984375 0.04510742187500005 0.05424479166666677
1 0.057919921875 0.9498697916666666 0.10302734375 0.09375
1 0.266357421875 0.7311197916666666 0.034550781249999996 0.03916666666666657
1 0.15771484375 0.8092447916666666 0.04769531250000003 0.05053385416666659
1 0.492431640625 0.7669270833333334 0.072265625 0.049401041666666735
1 0.57470703125 0.681640625 0.03995117187500008 0.0684765624999999
1 0.04177734375 0.8873697916666666 0.067080078125 0.06912760416666656
1 0.6962890625 0.7239583333333334 0.06792968749999995 0.03975260416666663
1 0.63671875 0.7421875 0.05145507812500005 0.03769531250000006