1 0.77880859375 0.9244791666666666 0.1767578125 0.13541666666666666
1 0.52880859375 0.9303385416666666 0.0947265625 0.13932291666666666
1 0.20751953125 0.8912760416666666 0.09765625 0.1171875
1 0.65087890625 0.8600260416666666 0.083984375 0.13151041666666666
1 0.5205078125 0.85546875 0.0908203125 0.109375
1 0.4072265625 0.7272135416666666 0.0693359375 0.07942708333333333
1 0.43017578125 0.9420572916666666 0.1201171875 0.10807291666666667
1 0.748046875 0.8268229166666666 0.0771484375 0.10546875
1 0.1181640625 0.8346354166666666 0.103515625 0.10026041666666667
1 0.3212890625 0.7942708333333334 0.060546875 0.10026041666666667
1 0.2275390625 0.791015625 0.099609375 0.07421875
1 0.34619140625 0.896484375 0.0966796875 0.09765625
1 0.853515625 0.8092447916666666 0.0771484375 0.11458333333333333
1 0.37451171875 0.802734375 0.09375 0.08333333333333333
1 0.28125 0.7096354166666666 0.0517578125 0.06510416666666667
1 0.3232421875 0.685546875 0.048828125 0.059895833333333336
1 0.03955078125 0.8860677083333334 0.0791015625 0.10807291666666667
1 0.24951171875 0.697265625 0.037109375 0.044270833333333336
1 0.13525390625 0.759765625 0.0517578125 0.057291666666666664
1 0.4716796875 0.7643229166666666 0.076171875 0.05859375
1 0.56005859375 0.6907552083333334 0.044921875 0.07421875
1 0.02490234375 0.8216145833333334 0.0498046875 0.078125
1 0.677734375 0.75 0.0703125 0.049479166666666664
1 0.6171875 0.759765625 0.0537109375 0.044270833333333336