1 0.06689453125 0.5708712613784135 0.11328125 0.0988296488946684
1 0.31396484375 0.5221066319895968 0.1484375 0.13654096228868662
1 0.341796875 0.5253576072821846 0.162109375 0.13263979193758127
1 0.39404296875 0.511703511053316 0.1201171875 0.1235370611183355
1 0.484375 0.5221066319895968 0.1181640625 0.10273081924577374
1 0.47900390625 0.37256176853055917 0.015625 0.011703511053315995
1 0.48193359375 0.38491547464239273 0.009765625 0.007802340702210663
1 0.53759765625 0.5019505851755527 0.0517578125 0.05981794538361508
1 0.6337890625 0.49739921976592977 0.138671875 0.11183355006501951
1 0.6962890625 0.5019505851755527 0.0947265625 0.08322496749024708
1 0.96240234375 0.44018205461638493 0.0751953125 0.13654096228868662