1 0.06396484375 0.5201560468140443 0.1083984375 0.08712613784135241
1 0.31298828125 0.5006501950585176 0.140625 0.12093628088426528
1 0.3408203125 0.5071521456436932 0.1552734375 0.11443433029908973
1 0.3935546875 0.49934980494148246 0.11328125 0.11053315994798439
1 0.48291015625 0.5201560468140443 0.1123046875 0.08972691807542263
1 0.4873046875 0.3706111833550065 0.0146484375 0.010403120936280884
1 0.48974609375 0.38296488946684004 0.009765625 0.006501950585175552
1 0.537109375 0.5065019505851756 0.048828125 0.054616384915474644
1 0.63330078125 0.5130039011703511 0.1328125 0.09622886866059818
1 0.6953125 0.5247074122236671 0.08984375 0.07282184655396619
1 0.96533203125 0.49479843953185954 0.068359375 0.12873862158647595