1 0.96923828125 0.2529325513196481 0.0615234375 0.10703812316715543
1 0.88818359375 0.32111436950146627 0.0869140625 0.12316715542521994
1 0.85009765625 0.5879765395894428 0.1748046875 0.5043988269794721
1 0.69189453125 0.5689149560117303 0.1142578125 0.4809384164222874
1 0.60693359375 0.313049853372434 0.0986328125 0.1598240469208211
1 0.490234375 0.313049853372434 0.125 0.1158357771260997
1 0.3095703125 0.37609970674486803 0.10546875 0.14222873900293256
1 0.1123046875 0.3782991202346041 0.091796875 0.2316715542521994
1 0.0361328125 0.6063049853372434 0.072265625 0.5234604105571847
1 0.2255859375 0.6077712609970675 0.2041015625 0.5175953079178885
1 0.46630859375 0.6664222873900293 0.365234375 0.4560117302052786
1 0.736328125 0.32991202346041054 0.150390625 0.11730205278592376