1 0.974609375 0.3277126099706745 0.05078125 0.1158357771260997
1 0.8984375 0.38269794721407624 0.0947265625 0.13636363636363635
1 0.84228515625 0.6422287390029325 0.208984375 0.5293255131964809
1 0.68603515625 0.5989736070381232 0.1474609375 0.49560117302052786
1 0.619140625 0.33064516129032256 0.109375 0.1744868035190616
1 0.50341796875 0.312316715542522 0.1328125 0.1348973607038123
1 0.3193359375 0.3467741935483871 0.115234375 0.15835777126099707
1 0.123046875 0.3181818181818182 0.107421875 0.24486803519061584
1 0.04248046875 0.532991202346041 0.0849609375 0.532258064516129
1 0.2197265625 0.5637829912023461 0.2392578125 0.5469208211143695
1 0.455078125 0.6605571847507331 0.39453125 0.5102639296187683
1 0.7470703125 0.3680351906158358 0.158203125 0.14076246334310852