1 0.50244140625 0.6488269794721407 0.0322265625 0.0689149560117302
1 0.53369140625 0.658357771260997 0.029296875 0.06451612903225806
1 0.57177734375 0.6304985337243402 0.052734375 0.12316715542521994
1 0.59521484375 0.5065982404692082 0.0224609375 0.051319648093841645
1 0.59130859375 0.6605571847507331 0.0322265625 0.05865102639296188
1 0.67431640625 0.5139296187683284 0.0458984375 0.04985337243401759
1 0.69482421875 0.46994134897360706 0.0322265625 0.02932551319648094
1 0.873046875 0.6656891495601173 0.0361328125 0.03812316715542522
1 0.91259765625 0.6466275659824047 0.0419921875 0.08504398826979472
1 0.58984375 0.4310850439882698 0.0283203125 0.026392961876832845
1 0.36376953125 0.4750733137829912 0.0634765625 0.07917888563049853
1 0.4501953125 0.5234604105571847 0.0673828125 0.06744868035190615
1 0.43603515625 0.47580645161290325 0.05859375 0.04985337243401759
1 0.416015625 0.49193548387096775 0.046875 0.05865102639296188
1 0.32421875 0.4662756598240469 0.0537109375 0.06598240469208211
1 0.2646484375 0.45161290322580644 0.060546875 0.060117302052785926
1 0.2236328125 0.4662756598240469 0.025390625 0.03225806451612903
1 0.181640625 0.45527859237536655 0.0322265625 0.04105571847507331
1 0.20654296875 0.43328445747800587 0.056640625 0.05718475073313783
1 0.14990234375 0.43621700879765396 0.037109375 0.039589442815249266
1 0.08544921875 0.3973607038123167 0.052734375 0.06304985337243402
1 0.15576171875 0.3152492668621701 0.015625 0.016129032258064516
1 0.18603515625 0.31671554252199413 0.0166015625 0.017595307917888565
1 0.22509765625 0.3225806451612903 0.0146484375 0.01906158357771261
1 0.16259765625 0.30058651026392963 0.021484375 0.026392961876832845
1 0.1015625 0.2939882697947214 0.0185546875 0.026392961876832845
1 0.2333984375 0.3064516129032258 0.01953125 0.020527859237536656
1 0.2705078125 0.3409090909090909 0.021484375 0.01906158357771261
1 0.26123046875 0.3064516129032258 0.021484375 0.024926686217008796
1 0.28076171875 0.3057184750733138 0.0244140625 0.02785923753665689
1 0.4677734375 0.3563049853372434 0.0087890625 0.016129032258064516
1 0.4658203125 0.3489736070381232 0.01953125 0.02785923753665689
1 0.3955078125 0.3196480938416422 0.0087890625 0.017595307917888565
1 0.38330078125 0.3152492668621701 0.0107421875 0.020527859237536656