1 0.51123046875 0.6480938416422287 0.0283203125 0.06598240469208211
1 0.54296875 0.6532258064516129 0.025390625 0.06158357771260997
1 0.5791015625 0.6209677419354839 0.0458984375 0.11730205278592376
1 0.59521484375 0.4941348973607038 0.01953125 0.04838709677419355
1 0.60009765625 0.6480938416422287 0.029296875 0.05571847507331378
1 0.67431640625 0.4912023460410557 0.0439453125 0.04398826979472141
1 0.692333984375 0.4442815249266862 0.031064453124999947 0.02478005865102636
1 0.881162109375 0.6159677419354839 0.03432617187500009 0.03392961876832842
1 0.91943359375 0.592375366568915 0.037109375 0.08064516129032258
1 0.585419921875 0.4198680351906159 0.02670898437499991 0.02351906158357766
1 0.36294921875 0.49307917888563046 0.05984374999999997 0.07214076246334318
1 0.451640625 0.529941348973607 0.06397460937499999 0.05982404692082105
1 0.4346484375 0.4844868035190616 0.05605468749999998 0.04324046920821116
1 0.415810546875 0.5028592375366568 0.04441406250000002 0.052580645161290344
1 0.323037109375 0.4897067448680352 0.05035156250000006 0.05953079178885634
1 0.262724609375 0.4825073313782991 0.05740234374999997 0.05297653958944281
1 0.222939453125 0.5028445747800586 0.02342773437500001 0.02907624633431091
1 0.1800390625 0.4972434017595308 0.030107421874999984 0.037463343108504334
1 0.203681640625 0.4717595307917889 0.05357421875000001 0.05074780058651028
1 0.14755859375 0.482375366568915 0.03549804687500002 0.03510263929618777
1 0.081142578125 0.45184750733137835 0.04985351562500001 0.05617302052785932
1 0.1462890625 0.36077712609970675 0.015332031249999989 0.014222873900293238
1 0.176552734375 0.35865102639296187 0.015810546874999998 0.015381231671554266
1 0.215791015625 0.35942815249266863 0.013291015625000013 0.016935483870967757
1 0.152109375 0.34577712609970673 0.01972656249999999 0.023299120234604086
1 0.091005859375 0.3472873900293255 0.01686523437500001 0.02414956011730201
1 0.222958984375 0.3417448680351906 0.018935546874999987 0.018489736070381253
1 0.26228515625 0.3713636363636364 0.02091796874999996 0.015835777126099723
1 0.250732421875 0.3382551319648094 0.020234375000000027 0.022375366568914944
1 0.270546875 0.33511730205278595 0.022988281249999964 0.02478005865102636
1 0.459326171875 0.3608651026392962 0.007783203125000027 0.015454545454545485
1 0.457080078125 0.35391495601173023 0.01847656249999996 0.025469208211143703
1 0.3854296875 0.33410557184750733 0.008271484375000027 0.016260997067448643
1 0.3732421875 0.3310850439882698 0.009921874999999969 0.019985337243401752