1 0.5654296875 0.5592447916666666 0.099609375 0.10286458333333333
1 0.33935546875 0.3671875 0.0859375 0.078125
1 0.88037109375 0.65625 0.1015625 0.0859375
1 0.85546875 0.6809895833333334 0.1044921875 0.10416666666666667
1 0.22265625 0.5970052083333334 0.0947265625 0.14583333333333334
1 0.22998046875 0.7825520833333334 0.2353515625 0.22395833333333334
1 0.53955078125 0.671875 0.091796875 0.13411458333333334
1 0.154296875 0.5930989583333334 0.09765625 0.13802083333333334
1 0.763671875 0.7057291666666666 0.0791015625 0.07682291666666667
1 0.85791015625 0.5885416666666666 0.0888671875 0.09114583333333333
1 0.43115234375 0.34375 0.05078125 0.07942708333333333
1 0.16943359375 0.07486979166666667 0.056640625 0.053385416666666664
1 0.22412109375 0.15885416666666666 0.0498046875 0.057291666666666664
1 0.88427734375 0.23697916666666666 0.0517578125 0.053385416666666664
1 0.60302734375 0.203125 0.0439453125 0.048177083333333336
1 0.77392578125 0.220703125 0.0361328125 0.04296875
1 0.76318359375 0.3333333333333333 0.052734375 0.04296875
1 0.6572265625 0.591796875 0.0595703125 0.057291666666666664
1 0.18994140625 0.13736979166666666 0.0439453125 0.059895833333333336
1 0.61474609375 0.3365885416666667 0.0732421875 0.07291666666666667
1 0.31396484375 0.4921875 0.0869140625 0.07682291666666667
1 0.5302734375 0.228515625 0.05078125 0.06901041666666667
1 0.08251953125 0.056640625 0.0341796875 0.03515625
1 0.66796875 0.4791666666666667 0.080078125 0.09244791666666667
1 0.4970703125 0.1484375 0.041015625 0.04296875
1 0.4521484375 0.140625 0.0380859375 0.032552083333333336
1 0.4521484375 0.22981770833333334 0.05078125 0.04296875
1 0.9609375 0.2669270833333333 0.0546875 0.0546875
1 0.20849609375 0.09635416666666667 0.0283203125 0.041666666666666664
1 0.5322265625 0.18619791666666666 0.0302734375 0.029947916666666668
1 0.9609375 0.6458333333333334 0.0576171875 0.0390625
1 0.72119140625 0.6875 0.0390625 0.041666666666666664
1 0.92822265625 0.25390625 0.029296875 0.029947916666666668
1 0.51171875 0.2265625 0.0283203125 0.041666666666666664
1 0.92578125 0.8684895833333334 0.0888671875 0.16276041666666666
1 0.935546875 0.6985677083333334 0.1025390625 0.12109375
1 0.2255859375 0.08528645833333333 0.021484375 0.03515625