1 0.57177734375 0.544921875 0.0908203125 0.08463541666666667
1 0.32568359375 0.40234375 0.080078125 0.0625
1 0.89404296875 0.5748697916666666 0.0947265625 0.06640625
1 0.87255859375 0.6048177083333334 0.095703125 0.08463541666666667
1 0.2373046875 0.6536458333333334 0.080078125 0.13020833333333334
1 0.2666015625 0.8352864583333334 0.216796875 0.18098958333333334
1 0.55908203125 0.6614583333333334 0.0791015625 0.11848958333333333
1 0.16943359375 0.6640625 0.083984375 0.12239583333333333
1 0.78466796875 0.6484375 0.072265625 0.0625
1 0.86376953125 0.5130208333333334 0.0810546875 0.07552083333333333
1 0.41357421875 0.3600260416666667 0.04296875 0.07161458333333333
1 0.12353515625 0.14908854166666666 0.052734375 0.04296875
1 0.1875 0.220703125 0.044921875 0.048177083333333336
1 0.8486328125 0.16015625 0.046875 0.044270833333333336
1 0.56689453125 0.185546875 0.0400390625 0.040364583333333336
1 0.73779296875 0.16731770833333334 0.0322265625 0.036458333333333336
1 0.740234375 0.2805989583333333 0.0498046875 0.032552083333333336
1 0.666015625 0.5579427083333334 0.0546875 0.046875
1 0.1513671875 0.20638020833333334 0.0380859375 0.052083333333333336
1 0.59423828125 0.314453125 0.0673828125 0.059895833333333336
1 0.3154296875 0.53125 0.0810546875 0.061197916666666664
1 0.498046875 0.22526041666666666 0.0439453125 0.061197916666666664
1 0.03564453125 0.14908854166666666 0.03125 0.028645833333333332
1 0.66357421875 0.4446614583333333 0.072265625 0.078125
1 0.4560546875 0.15364583333333334 0.037109375 0.03515625
1 0.41064453125 0.15494791666666666 0.03515625 0.026041666666666668
1 0.4208984375 0.24283854166666666 0.0478515625 0.033854166666666664
1 0.927734375 0.173828125 0.0498046875 0.044270833333333336
1 0.16455078125 0.162109375 0.0244140625 0.036458333333333336
1 0.4951171875 0.18359375 0.02734375 0.024739583333333332
1 0.97216796875 0.5481770833333334 0.0546875 0.02734375
1 0.74072265625 0.6393229166666666 0.03515625 0.03515625
1 0.89404296875 0.16731770833333334 0.0263671875 0.024739583333333332
1 0.4794921875 0.22721354166666666 0.0244140625 0.036458333333333336
1 0.9638671875 0.775390625 0.072265625 0.14973958333333334
1 0.95361328125 0.60546875 0.091796875 0.10286458333333333
1 0.18017578125 0.14778645833333334 0.017578125 0.03125