1 0.85412109375 0.4417372262773722 0.020634765625000107 0.053094890510948914
1 0.429228515625 0.41886131386861314 0.04296875 0.05249635036496356
1 0.31396484375 0.41605839416058393 0.068359375 0.07883211678832117
1 0.11572265625 0.508 0.12890625 0.0904525547445256
1 0.661904296875 0.4693722627737226 0.04797851562500011 0.059912408759124035
1 0.508642578125 0.507021897810219 0.11054687500000004 0.10364963503649635
1 0.741220703125 0.4967591240875912 0.04772460937499989 0.08037956204379554
1 0.8221484375 0.7702773722627737 0.13025390624999988 0.17988321167883214
1 0.72998046875 0.8963503649635036 0.2451171875 0.2072992700729927
1 0.41455078125 0.7094890510948905 0.169921875 0.22773722627737225
1 0.1177734375 0.6101313868613139 0.07439453125 0.1598248175182482
1 0.163095703125 0.5809051094890512 0.10544921875000002 0.157051094890511
1 0.36037109375 0.6107883211678832 0.13055664062500005 0.1344087591240875
1 0.32443359375 0.5945547445255475 0.13166992187500004 0.13534306569343071
1 0.30853515625 0.5353576642335767 0.08647460937499996 0.10157664233576648
1 0.41779296875 0.5613430656934306 0.05917968750000002 0.09786861313868608
1 0.444541015625 0.532014598540146 0.05906250000000002 0.10826277372262769
1 0.0784375 0.4400875912408759 0.08610351562500002 0.08287591240875909
1 0.120830078125 0.4188467153284672 0.057041015625 0.06229197080291965
1 0.162236328125 0.41995620437956205 0.027763671875000007 0.060072992700729896
1 0.189052734375 0.4116058394160584 0.027519531250000007 0.04893430656934304
1 0.25697265625 0.44602919708029193 0.04069335937499996 0.04502189781021902
1 0.0226953125 0.49056934306569344 0.045390625 0.08858394160583934
1 0.272265625 0.4126423357664234 0.02009765625000004 0.027255474452554686
1 0.386044921875 0.42027737226277373 0.016816406250000027 0.016437956204379548
1 0.3693359375 0.4125985401459854 0.012939453125 0.018452554744525528
1 0.49921875 0.42011678832116783 0.025761718749999996 0.04286131386861316
1 0.51912109375 0.42211678832116784 0.02546874999999993 0.029941605839416047
1 0.552900390625 0.42964963503649634 0.02353515624999991 0.033839416058394085
1 0.633310546875 0.4371678832116788 0.03463867187500003 0.03573722627737229
1 0.663798828125 0.41944525547445255 0.012724609374999973 0.022802919708029203
1 0.742158203125 0.4324817518248175 0.036582031250000036 0.039518248175182555
1 0.791787109375 0.4493722627737226 0.027568359375000018 0.05589781021897805
1 0.915771484375 0.4342189781021898 0.02279296874999992 0.044759124087591196
1 0.962626953125 0.4524379562043796 0.04241210937500006 0.04173722627737231