1 0.85595703125 0.516058394160584 0.025390625 0.05693430656934306
1 0.4375 0.4051094890510949 0.0478515625 0.061313868613138686
1 0.32373046875 0.3781021897810219 0.0751953125 0.09197080291970802
1 0.11865234375 0.42773722627737226 0.1357421875 0.11678832116788321
1 0.6630859375 0.5036496350364964 0.052734375 0.06861313868613139
1 0.5078125 0.5087591240875913 0.119140625 0.12554744525547445
1 0.7392578125 0.5467153284671533 0.0546875 0.08905109489051095
1 0.7939453125 0.8343065693430657 0.1455078125 0.20583941605839415
1 0.6904296875 0.9058394160583941 0.26171875 0.18832116788321168
1 0.39599609375 0.6897810218978102 0.189453125 0.2613138686131387
1 0.111328125 0.5291970802919708 0.0888671875 0.17372262773722627
1 0.15869140625 0.5102189781021897 0.119140625 0.1781021897810219
1 0.3515625 0.581021897810219 0.1416015625 0.16058394160583941
1 0.3173828125 0.5569343065693431 0.142578125 0.16204379562043797
1 0.30712890625 0.4948905109489051 0.0947265625 0.11824817518248175
1 0.4130859375 0.5437956204379562 0.0673828125 0.10948905109489052
1 0.44189453125 0.5204379562043796 0.068359375 0.11970802919708029
1 0.087890625 0.3532846715328467 0.0927734375 0.09927007299270073
1 0.1318359375 0.34087591240875914 0.0625 0.072992700729927
1 0.1728515625 0.35036496350364965 0.033203125 0.06569343065693431
1 0.2001953125 0.34744525547445254 0.0322265625 0.05401459854014599
1 0.26416015625 0.3963503649635037 0.044921875 0.052554744525547446
1 0.0283203125 0.39124087591240875 0.052734375 0.09781021897810219
1 0.28271484375 0.36642335766423356 0.0224609375 0.030656934306569343
1 0.39453125 0.3970802919708029 0.0185546875 0.020437956204379562
1 0.37890625 0.3861313868613139 0.0146484375 0.020437956204379562
1 0.5068359375 0.42043795620437957 0.029296875 0.04817518248175182
1 0.5263671875 0.42700729927007297 0.0283203125 0.035036496350364967
1 0.55908203125 0.4416058394160584 0.0263671875 0.03795620437956204
1 0.6376953125 0.4656934306569343 0.0380859375 0.042335766423357665
1 0.669921875 0.454014598540146 0.0146484375 0.024817518248175182
1 0.74609375 0.4832116788321168 0.0400390625 0.04671532846715328
1 0.79345703125 0.5102189781021897 0.0322265625 0.061313868613138686
1 0.91796875 0.5211678832116788 0.0263671875 0.049635036496350364
1 0.96240234375 0.5489051094890511 0.0458984375 0.049635036496350364