1 0.13134765625 0.7934306569343066 0.103515625 0.08467153284671533
1 0.43359375 0.7583941605839416 0.068359375 0.0948905109489051
1 0.72509765625 0.8635036496350365 0.1572265625 0.15328467153284672
1 0.7529296875 0.7518248175182481 0.05078125 0.07591240875912408
1 0.89990234375 0.6058394160583942 0.19921875 0.0905109489051095
1 0.67041015625 0.6791970802919708 0.05823242187500011 0.046467153284671596
1 0.8388671875 0.6094890510948905 0.02229492187499993 0.026072992700729946
1 0.86328125 0.581021897810219 0.024140625000000027 0.029474452554744606
1 0.9140625 0.5766423357664233 0.02237304687500008 0.030934306569343144
1 0.654296875 0.628102189781022 0.04302734374999995 0.026569343065693498
1 0.1737109375 0.612043795620438 0.029082031249999973 0.03735766423357669
1 0.412353515625 0.6124087591240875 0.038457031249999996 0.024058394160583967
1 0.5380859375 0.6558394160583941 0.0751953125 0.06446715328467148
1 0.583984375 0.6167883211678832 0.03790039062499995 0.02245255474452554
1 0.60595703125 0.6354014598540146 0.03583007812500005 0.02470072992700724
1 0.62451171875 0.6062043795620438 0.03781250000000003 0.024423357664233602
1 0.5327734375 0.7608905109489051 0.04207031249999993 0.04059854014598532
1 0.55166015625 0.7582043795620438 0.04424804687499995 0.038481751824817376
1 0.360634765625 0.6329051094890511 0.024677734374999982 0.025065693430656875
1 0.332314453125 0.6270510948905109 0.021035156249999964 0.026744525547445327