1 0.158203125 0.8583941605839416 0.109375 0.10218978102189781
1 0.455078125 0.7686131386861313 0.0751953125 0.10656934306569343
1 0.7529296875 0.8197080291970803 0.1689453125 0.181021897810219
1 0.771484375 0.7036496350364964 0.056640625 0.08467153284671533
1 0.9013671875 0.5313868613138686 0.197265625 0.12554744525547445
1 0.68359375 0.6467153284671533 0.0615234375 0.05693430656934306
1 0.84521484375 0.5467153284671533 0.0244140625 0.030656934306569343
1 0.8671875 0.5145985401459854 0.0263671875 0.033576642335766425
1 0.9169921875 0.5007299270072992 0.0244140625 0.035036496350364967
1 0.66357421875 0.5992700729927007 0.044921875 0.033576642335766425
1 0.18505859375 0.6708029197080292 0.0322265625 0.042335766423357665
1 0.42236328125 0.6277372262773723 0.0400390625 0.030656934306569343
1 0.55029296875 0.6474452554744525 0.080078125 0.07737226277372262
1 0.5927734375 0.6007299270072993 0.0390625 0.029197080291970802
1 0.6162109375 0.6153284671532847 0.037109375 0.030656934306569343
1 0.63232421875 0.5824817518248175 0.0390625 0.030656934306569343
1 0.5537109375 0.7532846715328467 0.044921875 0.04817518248175182
1 0.572265625 0.7467153284671533 0.046875 0.04671532846715328
1 0.37255859375 0.6576642335766424 0.0263671875 0.029197080291970802
1 0.34375 0.656934306569343 0.0234375 0.030656934306569343