1 0.37353515625 0.6338880484114977 0.0478515625 0.05446293494704992
1 0.07568359375 0.6202723146747352 0.0537109375 0.0680786686838124
1 0.47265625 0.6588502269288956 0.046875 0.048411497730711045
1 0.6513671875 0.6263237518910741 0.0390625 0.0529500756429652
1 0.1064453125 0.48789712556732223 0.0478515625 0.0453857791225416
1 0.06689453125 0.5083207261724659 0.0439453125 0.0529500756429652
1 0.033203125 0.4803328290468986 0.0400390625 0.057488653555219364
1 0.18701171875 0.5824508320726173 0.0361328125 0.05143721633888049
1 0.23486328125 0.5990922844175491 0.0439453125 0.0529500756429652
1 0.17822265625 0.4848714069591528 0.03515625 0.046898638426626324
1 0.6748046875 0.5885022692889561 0.04296875 0.0529500756429652
1 0.63525390625 0.5635400907715582 0.037109375 0.048411497730711045
1 0.23583984375 0.5317700453857791 0.0361328125 0.048411497730711045
1 0.203125 0.5514372163388804 0.0400390625 0.048411497730711045
1 0.173828125 0.5635400907715582 0.0498046875 0.046898638426626324
1 0.18505859375 0.4470499243570348 0.03125 0.039334341906202726
1 0.32861328125 0.5953101361573374 0.044921875 0.049924357034795766
1 0.4228515625 0.6452344931921331 0.0439453125 0.0529500756429652
1 0.9326171875 0.6633888048411498 0.03515625 0.046898638426626324
1 0.15576171875 0.46142208774583965 0.02734375 0.04236006051437216
1 0.109375 0.3895612708018154 0.0341796875 0.037821482602118005
1 0.29248046875 0.5877458396369137 0.041015625 0.05597579425113464
1 0.38232421875 0.5514372163388804 0.041015625 0.046898638426626324
1 0.8447265625 0.6444780635400907 0.0390625 0.049924357034795766
1 0.5771484375 0.6641452344931922 0.0478515625 0.049924357034795766
1 0.05419921875 0.43343419062027233 0.033203125 0.046898638426626324
1 0.4306640625 0.4266263237518911 0.0322265625 0.037821482602118005
1 0.2421875 0.49319213313161875 0.03125 0.04236006051437216
1 0.8671875 0.6210287443267776 0.0361328125 0.048411497730711045
1 0.3603515625 0.5990922844175491 0.044921875 0.0453857791225416
1 0.169921875 0.3842662632375189 0.021484375 0.036308623298033284
1 0.37548828125 0.42208774583963693 0.03125 0.039334341906202726
1 0.39892578125 0.5325264750378215 0.0234375 0.0453857791225416
1 0.65576171875 0.5484114977307111 0.03125 0.046898638426626324
1 0.6982421875 0.5468986384266263 0.0283203125 0.04236006051437216
1 0.2685546875 0.5113464447806354 0.0400390625 0.046898638426626324
1 0.41748046875 0.5317700453857791 0.0205078125 0.04236006051437216