1 0.38134765625 0.6505295007564297 0.044921875 0.048411497730711045
1 0.0842578125 0.6774130105900151 0.050625 0.0612405446293495
1 0.48189453125 0.6617095310136157 0.04510742187499994 0.04279878971255668
1 0.65771484375 0.6055219364599093 0.03662109375 0.04833585476550688
1 0.107060546875 0.5412254160363086 0.04543945312499997 0.039304084720121056
1 0.069150390625 0.5669440242057489 0.0418359375 0.04789712556732219
1 0.03384765625 0.5431164901664145 0.0373828125 0.053328290468986385
1 0.192998046875 0.6244326777609682 0.03402343750000003 0.046989409984871326
1 0.241455078125 0.6342662632375189 0.04177734374999997 0.04779122541603636
1 0.178466796875 0.5287443267776096 0.03314453125 0.04217851739788199
1 0.67919921875 0.5646747352496218 0.04052734375 0.04833585476550688
1 0.63818359375 0.5450075642965204 0.03506835937500008 0.043963691376701884
1 0.23865234375 0.56732223903177 0.03372070312499997 0.043963691376701884
1 0.20703125 0.5915279878971256 0.0375390625 0.0434039334341907
1 0.1787109375 0.6074130105900152 0.048037109375 0.03996974281391824
1 0.18310546875 0.48978819969742815 0.029374999999999984 0.03621785173978828
1 0.334716796875 0.6180030257186082 0.04239257812499997 0.04438729198184574
1 0.43115234375 0.655446293494705 0.04153320312499997 0.047443267776096844
1 0.93994140625 0.6040090771558245 0.03277343749999995 0.04201210287443265
1 0.154912109375 0.5083207261724659 0.025273437499999996 0.039591527987897064
1 0.104677734375 0.4428895612708018 0.032041015625 0.033419062027231515
1 0.298095703125 0.6157337367624811 0.038701171874999996 0.050393343419061945
1 0.385498046875 0.56732223903177 0.038457031249999996 0.0413615733736763
1 0.8515625 0.5972012102874432 0.03662109375 0.045052950075642924
1 0.5859375 0.6527987897125568 0.04535156250000005 0.043797276853252715
1 0.05212890625 0.49357034795763993 0.031025390624999996 0.04290468986384268
1 0.4267578125 0.43608169440242056 0.030156249999999996 0.03373676248108919
1 0.242919921875 0.5279878971255674 0.02880859375 0.03848714069591536
1 0.87255859375 0.5711043872919819 0.03333007812500011 0.044553706505295075
1 0.3662109375 0.6172465960665658 0.04302734374999995 0.039304084720121056
1 0.16455078125 0.4296520423600605 0.02006835937500001 0.034205748865355545
1 0.371826171875 0.4394856278366112 0.029082031249999973 0.035521936459909254
1 0.401123046875 0.5457639939485628 0.02091796874999996 0.043071104387292024
1 0.65771484375 0.527231467473525 0.028935546875000107 0.043071104387292024
1 0.7001953125 0.5200453857791225 0.026064453125000053 0.038335854765506855
1 0.270263671875 0.5427382753403933 0.03824218749999997 0.04223903177004532
1 0.419677734375 0.5427382753403933 0.018828124999999973 0.03968229954614223