1 0.0830078125 0.5720588235294117 0.017578125 0.020588235294117647
1 0.0595703125 0.6205882352941177 0.02734375 0.026470588235294117
1 0.18017578125 0.5735294117647058 0.0166015625 0.030882352941176472
1 0.18408203125 0.6419117647058824 0.0302734375 0.029411764705882353
1 0.2646484375 0.7654411764705882 0.11328125 0.15441176470588236
1 0.291015625 0.5889705882352941 0.01953125 0.025
1 0.30517578125 0.6220588235294118 0.0234375 0.020588235294117647
1 0.330078125 0.6176470588235294 0.0234375 0.029411764705882353
1 0.345703125 0.6088235294117647 0.0185546875 0.01764705882352941
1 0.36962890625 0.6419117647058824 0.0244140625 0.01911764705882353
1 0.41259765625 0.65 0.0146484375 0.026470588235294117
1 0.43896484375 0.7794117647058824 0.0703125 0.0661764705882353
1 0.5244140625 0.7691176470588236 0.1005859375 0.061764705882352944
1 0.51220703125 0.6669117647058823 0.0224609375 0.020588235294117647
1 0.62255859375 0.9117647058823529 0.09765625 0.09264705882352942
1 0.7919921875 0.7779411764705882 0.056640625 0.05
1 0.23291015625 0.5897058823529412 0.0224609375 0.022058823529411766
1 0.4052734375 0.6191176470588236 0.015625 0.01764705882352941
1 0.609375 0.6977941176470588 0.02734375 0.029411764705882353
1 0.63427734375 0.7022058823529411 0.017578125 0.01764705882352941