1 0.09033203125 0.6375 0.0166015625 0.01764705882352941
1 0.07048828125 0.689514705882353 0.025722656250000003 0.02263235294117645
1 0.18701171875 0.6235294117647059 0.0146484375 0.029411764705882353
1 0.19580078125 0.6911764705882353 0.0283203125 0.025
1 0.2841796875 0.8007352941176471 0.1044921875 0.13823529411764707
1 0.298525390625 0.6217058823529411 0.018037109375000027 0.021691176470588235
1 0.31494140625 0.6522058823529412 0.0224609375 0.01764705882352941
1 0.33912109375 0.6438088235294118 0.021874999999999978 0.02583823529411772
1 0.35396484375 0.6322205882352941 0.01765625000000004 0.014970588235294045
1 0.38037109375 0.6617647058823529 0.0234375 0.016176470588235296
1 0.423427734375 0.6627352941176471 0.013291015625000013 0.024735294117647133
1 0.45849609375 0.7875 0.06640625 0.05588235294117647
1 0.54296875 0.7639705882352941 0.09765625 0.047058823529411764
1 0.523876953125 0.6642058823529412 0.021796874999999938 0.01791176470588228
1 0.650390625 0.8904411764705882 0.0927734375 0.07794117647058824
1 0.8095703125 0.7301470588235294 0.0537109375 0.041176470588235294
1 0.24043945312500004 0.6310735294117646 0.021240234375 0.01867647058823536
1 0.41427734375 0.6330735294117648 0.015156249999999982 0.014735294117647032
1 0.62263671875 0.6797794117647059 0.026171874999999956 0.02597058823529407
1 0.6478125 0.6801617647058823 0.01668945312499992 0.014808823529411838