1 0.65296875 0.6890076335877862 0.16578125 0.1173282442748092
1 0.902294921875 0.6081933842239186 0.14034179687500004 0.10609414758269718
1 0.245712890625 0.735559796437659 0.20414062499999996 0.13834605597964378
1 0.087158203125 0.5886259541984733 0.08559570312499998 0.07348600508905852
1 0.427490234375 0.7360050890585241 0.1898242187500001 0.15688295165394395
1 0.126591796875 0.7188295165394402 0.18982421875 0.14241730279898226
1 0.3095703125 0.6520356234096693 0.158935546875 0.08786259541984726
1 0.55322265625 0.6972010178117048 0.11419921875000005 0.12595419847328243
1 0.69873046875 0.5416666666666666 0.04553710937500011 0.07100508905852411
1 0.3486328125 0.5407124681933843 0.04153320312499997 0.07192111959287528
1 0.76171875 0.537531806615776 0.03759765625 0.0598727735368956
1 0.028652343750000003 0.5887404580152672 0.05560546875 0.08690839694656481
1 0.95703125 0.5480279898218829 0.06304687499999995 0.09057251908396953
1 0.0869140625 0.5206743002544529 0.066220703125 0.04071246819338423
1 0.30517578125 0.5505725190839694 0.06084960937499995 0.08003816793893126
1 0.6513671875 0.5248091603053435 0.03963867187499992 0.06643765903307891
1 0.47998046875 0.6323155216284987 0.1727343750000001 0.0611068702290076
1 0.127685546875 0.6539440203562341 0.198125 0.0718066157760815
1 0.202880859375 0.5092239185750637 0.063232421875 0.04151399491094147
1 0.140380859375 0.5019083969465649 0.05224609375 0.02898218829516536
1 0.033330078124999996 0.5209923664122137 0.062314453125 0.03739185750636131
1 0.8115234375 0.5305343511450382 0.04052734375 0.047989821882951686
1 0.191044921875 0.5626590330788804 0.080810546875 0.0821374045801526