1 0.6650390625 0.6711195928753181 0.1728515625 0.1361323155216285
1 0.908203125 0.5623409669211196 0.146484375 0.12213740458015267
1 0.26220703125 0.7633587786259542 0.212890625 0.16157760814249364
1 0.0947265625 0.6348600508905853 0.08984375 0.08269720101781171
1 0.443359375 0.7436386768447837 0.19921875 0.178117048346056
1 0.142578125 0.760178117048346 0.1982421875 0.1628498727735369
1 0.3203125 0.6730279898218829 0.1640625 0.10559796437659033
1 0.56640625 0.6902035623409669 0.1220703125 0.138676844783715
1 0.70068359375 0.5190839694656488 0.0498046875 0.07633587786259542
1 0.35205078125 0.5578880407124682 0.0458984375 0.07633587786259542
1 0.76318359375 0.5076335877862596 0.041015625 0.06361323155216285
1 0.03662109375 0.6418575063613231 0.0615234375 0.09287531806615776
1 0.95849609375 0.4961832061068702 0.0693359375 0.09796437659033079
1 0.08984375 0.5674300254452926 0.068359375 0.04834605597964377
1 0.30908203125 0.5725190839694656 0.06640625 0.08651399491094147
1 0.65234375 0.5076335877862596 0.0439453125 0.07124681933842239
1 0.48876953125 0.6342239185750637 0.17578125 0.08015267175572519
1 0.13916015625 0.6959287531806616 0.2021484375 0.09414758269720101
1 0.20458984375 0.5426208651399491 0.0654296875 0.04834605597964377
1 0.14208984375 0.5426208651399491 0.0537109375 0.03435114503816794
1 0.03662109375 0.573791348600509 0.064453125 0.044529262086514
1 0.8125 0.494910941475827 0.0439453125 0.05216284987277354
1 0.1962890625 0.5973282442748091 0.0859375 0.0916030534351145