1 0.22021484375 0.7668128654970761 0.3837890625 0.46637426900584794
1 0.6806640625 0.14692982456140352 0.08984375 0.12280701754385964
1 0.78955078125 0.27850877192982454 0.1533203125 0.20175438596491227
1 0.93603515625 0.24561403508771928 0.1025390625 0.15058479532163743
1 0.28515625 0.5343567251461988 0.1884765625 0.12134502923976608
1 0.1630859375 0.35014619883040937 0.0966796875 0.07309941520467836
1 0.03076171875 0.5942982456140351 0.0615234375 0.1827485380116959
1 0.142578125 0.5211988304093568 0.1513671875 0.22807017543859648
1 0.0947265625 0.3355263157894737 0.0595703125 0.06578947368421052
1 0.83837890625 0.18201754385964913 0.10546875 0.08333333333333333
1 0.79638671875 0.06725146198830409 0.056640625 0.06432748538011696
1 0.91943359375 0.40423976608187134 0.158203125 0.19298245614035087
1 0.31640625 0.3472222222222222 0.0673828125 0.0891812865497076
1 0.25146484375 0.3296783625730994 0.0830078125 0.07602339181286549
1 0.0244140625 0.3786549707602339 0.048828125 0.05263157894736842
1 0.91455078125 0.10964912280701754 0.1171875 0.11695906432748537
1 0.06005859375 0.4546783625730994 0.1201171875 0.13450292397660818
1 0.935546875 0.6008771929824561 0.12890625 0.3304093567251462
1 0.880859375 0.04093567251461988 0.0849609375 0.07456140350877193