1 0.1990234375 0.7394590643274853 0.34965820312500007 0.45507309941520463
1 0.7080078125 0.1826608187134503 0.08208984374999995 0.10837719298245613
1 0.80517578125 0.3331578947368421 0.140380859375 0.17726608187134502
1 0.95361328125 0.32730994152046783 0.09271484375000005 0.13441520467836265
1 0.283935546875 0.4952485380116959 0.182373046875 0.08931286549707607
1 0.1776171875 0.28966374269005846 0.093203125 0.05578947368421048
1 0.025390625 0.5087719298245614 0.05078125 0.17543859649122806
1 0.143310546875 0.45614035087719296 0.1357421875 0.20413742690058478
1 0.111025390625 0.26261695906432747 0.05572265625 0.056286549707602336
1 0.86181640625 0.24616959064327484 0.10125976562500005 0.06492690058479528
1 0.82958984375 0.12426900584795321 0.05233398437499992 0.05568713450292398
1 0.92431640625 0.4817251461988304 0.1453906250000001 0.167953216374269
1 0.330322265625 0.3152485380116959 0.061650390624999996 0.0790789473684211
1 0.267333984375 0.2852777777777778 0.078251953125 0.06185672514619883
1 0.030468749999999996 0.2918567251461988 0.060927734375 0.0416228070175439
1 0.943359375 0.1878654970760234 0.10967773437499995 0.0975
1 0.061894531249999996 0.3746345029239766 0.121884765625 0.11293859649122807
1 0.9345703125 0.6816520467836257 0.125244140625 0.3097660818713452
1 0.915634765625 0.11385964912280701 0.08111328124999995 0.05950292397660817