1 0.16162109375 0.3639322916666667 0.1328125 0.109375
1 0.68603515625 0.5143229166666666 0.1259765625 0.14713541666666666
1 0.48291015625 0.423828125 0.1318359375 0.12239583333333333
1 0.1513671875 0.3795572916666667 0.107421875 0.06770833333333333
1 0.06494140625 0.3645833333333333 0.1171875 0.07291666666666667
1 0.0849609375 0.314453125 0.0859375 0.06640625
1 0.59326171875 0.4557291666666667 0.1015625 0.11458333333333333
1 0.0615234375 0.412109375 0.123046875 0.13020833333333334
1 0.44384765625 0.603515625 0.1513671875 0.11067708333333333
1 0.59912109375 0.62109375 0.1474609375 0.08723958333333333
1 0.4482421875 0.515625 0.1103515625 0.0625
1 0.41943359375 0.5462239583333334 0.162109375 0.08723958333333333
1 0.537109375 0.5260416666666666 0.09375 0.06380208333333333
1 0.8232421875 0.65234375 0.166015625 0.10416666666666667
1 0.8017578125 0.5572916666666666 0.15234375 0.11588541666666667
1 0.6513671875 0.578125 0.0908203125 0.08723958333333333
1 0.9306640625 0.6640625 0.0888671875 0.059895833333333336
1 0.52587890625 0.6998697916666666 0.158203125 0.17578125
1 0.45849609375 0.6920572916666666 0.0927734375 0.140625
1 0.91455078125 0.4993489583333333 0.1015625 0.09375
1 0.9755859375 0.4967447916666667 0.048828125 0.040364583333333336
1 0.93115234375 0.5651041666666666 0.1376953125 0.140625
1 0.86669921875 0.720703125 0.18359375 0.140625
1 0.9501953125 0.4700520833333333 0.0556640625 0.03515625
1 0.68310546875 0.724609375 0.177734375 0.19010416666666666
1 0.9638671875 0.69921875 0.05078125 0.07682291666666667
1 0.208984375 0.484375 0.14453125 0.15364583333333334
1 0.3125 0.537109375 0.1669921875 0.14583333333333334