1 0.15283203125 0.412109375 0.1259765625 0.09244791666666667
1 0.68603515625 0.48828125 0.1162109375 0.13151041666666666
1 0.47705078125 0.4264322916666667 0.1240234375 0.10546875
1 0.14404296875 0.4290364583333333 0.103515625 0.053385416666666664
1 0.056640625 0.42578125 0.11328125 0.057291666666666664
1 0.07275390625 0.373046875 0.08203125 0.0546875
1 0.58935546875 0.4427083333333333 0.09375 0.1015625
1 0.05712890625 0.4739583333333333 0.1142578125 0.11458333333333333
1 0.4521484375 0.6106770833333334 0.14453125 0.09114583333333333
1 0.60791015625 0.6067708333333334 0.142578125 0.06770833333333333
1 0.44970703125 0.5227864583333334 0.107421875 0.048177083333333336
1 0.42333984375 0.5572916666666666 0.158203125 0.06510416666666667
1 0.5390625 0.5208333333333334 0.08984375 0.052083333333333336
1 0.83349609375 0.6061197916666666 0.16015625 0.08203125
1 0.8046875 0.5149739583333334 0.1455078125 0.09635416666666667
1 0.65673828125 0.556640625 0.0849609375 0.07552083333333333
1 0.94091796875 0.6028645833333334 0.0859375 0.048177083333333336
1 0.54150390625 0.6953125 0.146484375 0.15625
1 0.4736328125 0.6966145833333334 0.0830078125 0.13020833333333334
1 0.912109375 0.44140625 0.095703125 0.08072916666666667
1 0.974609375 0.4303385416666667 0.05078125 0.033854166666666664
1 0.9345703125 0.5052083333333334 0.1298828125 0.12369791666666667
1 0.8818359375 0.6686197916666666 0.17578125 0.1171875
1 0.9453125 0.4075520833333333 0.0537109375 0.02734375
1 0.69970703125 0.6979166666666666 0.1650390625 0.16796875
1 0.97705078125 0.6334635416666666 0.0458984375 0.0703125
1 0.20947265625 0.5247395833333334 0.134765625 0.13541666666666666
1 0.31640625 0.5631510416666666 0.158203125 0.125