1 0.673828125 0.5673499267935578 0.0302734375 0.0424597364568082
1 0.63330078125 0.582723279648609 0.015625 0.03367496339677892
1 0.6083984375 0.5966325036603221 0.015625 0.03074670571010249
1 0.60009765625 0.5856515373352855 0.0283203125 0.05710102489019034
1 0.55859375 0.6171303074670571 0.0703125 0.06442166910688141
1 0.98291015625 0.5102489019033675 0.0341796875 0.036603221083455345
1 0.9462890625 0.513909224011713 0.0205078125 0.024890190336749635
1 0.9443359375 0.5248901903367497 0.0146484375 0.021961932650073207
1 0.92431640625 0.5314787701317716 0.0205078125 0.029282576866764276
1 0.89501953125 0.5351390922401171 0.0185546875 0.03367496339677892
1 0.8564453125 0.5395314787701317 0.013671875 0.024890190336749635
1 0.8720703125 0.5322108345534406 0.0302734375 0.03074670571010249
1 0.818359375 0.5497803806734992 0.0166015625 0.02342606149341142
1 0.822265625 0.5387994143484627 0.033203125 0.04685212298682284
1 0.78759765625 0.5534407027818448 0.0263671875 0.02342606149341142
1 0.7978515625 0.5431918008784773 0.0322265625 0.04538799414348463
1 0.93603515625 0.5893118594436311 0.1279296875 0.15080527086383602
1 0.99267578125 0.6156661786237189 0.0146484375 0.11859443631039532
1 0.97412109375 0.6361639824304539 0.0517578125 0.11566617862371889
1 0.828125 0.6310395314787701 0.1474609375 0.18301610541727673
1 0.77783203125 0.6896046852122987 0.0673828125 0.1376281112737921
1 0.6875 0.6383601756954612 0.1005859375 0.12884333821376281
1 0.62646484375 0.6720351390922401 0.07421875 0.14202049780380674
1 0.43408203125 0.7115666178623719 0.0869140625 0.14348462664714495
1 0.32568359375 0.7276720351390923 0.052734375 0.1273792093704246
1 0.36572265625 0.7313323572474377 0.0400390625 0.08052708638360176
1 0.28759765625 0.7144948755490483 0.0390625 0.07174231332357248
1 0.48193359375 0.6551976573938506 0.0390625 0.048316251830161056
1 0.4638671875 0.6354319180087847 0.029296875 0.036603221083455345
1 0.458984375 0.6002928257686676 0.046875 0.055636896046852125
1 0.37060546875 0.6486090775988287 0.029296875 0.036603221083455345
1 0.3232421875 0.6339677891654466 0.013671875 0.03074670571010249
1 0.302734375 0.6339677891654466 0.0205078125 0.03074670571010249
1 0.3154296875 0.6559297218155198 0.03125 0.03953147877013177
1 0.1884765625 0.6654465592972182 0.02734375 0.048316251830161056
1 0.16796875 0.6844802342606149 0.0185546875 0.03806734992679356
1 0.140625 0.6793557833089312 0.0185546875 0.04538799414348463
1 0.1279296875 0.6874084919472914 0.013671875 0.036603221083455345
1 0.1103515625 0.6954612005856515 0.0244140625 0.03513909224011713
1 0.080078125 0.7005856515373353 0.017578125 0.040995607613469986
1 0.06103515625 0.7086383601756955 0.0263671875 0.05124450951683748
1 0.19677734375 0.7576866764275256 0.0888671875 0.12298682284040996
1 0.17822265625 0.7693997071742313 0.064453125 0.0527086383601757