1 0.6669921875 0.5988286969253295 0.02734375 0.03806734992679356
1 0.62548828125 0.6061493411420205 0.0126953125 0.032210834553440704
1 0.599609375 0.6156661786237189 0.013671875 0.027818448023426062
1 0.59228515625 0.6032210834553441 0.0244140625 0.0527086383601757
1 0.548828125 0.6266471449487555 0.06640625 0.0527086383601757
1 0.9814453125 0.5995607613469985 0.037109375 0.03074670571010249
1 0.94189453125 0.5951683748169839 0.0185546875 0.021961932650073207
1 0.93896484375 0.6061493411420205 0.0126953125 0.020497803806734993
1 0.91845703125 0.6090775988286969 0.0185546875 0.02635431918008785
1 0.88916015625 0.6068814055636896 0.0166015625 0.03074670571010249
1 0.8505859375 0.6046852122986823 0.01171875 0.02342606149341142
1 0.86669921875 0.6002928257686676 0.0283203125 0.02635431918008785
1 0.81201171875 0.6076134699853587 0.0146484375 0.020497803806734993
1 0.81689453125 0.5973645680819912 0.0302734375 0.040995607613469986
1 0.78125 0.6054172767203514 0.025390625 0.01903367496339678
1 0.7919921875 0.5973645680819912 0.029296875 0.040995607613469986
1 0.93310546875 0.6698389458272328 0.1337890625 0.1273792093704246
1 0.98828125 0.7064421669106882 0.0234375 0.11566617862371889
1 0.96044921875 0.7218155197657394 0.0439453125 0.10834553440702782
1 0.81494140625 0.6903367496339677 0.1357421875 0.1595900439238653
1 0.76025390625 0.7386530014641288 0.0576171875 0.1273792093704246
1 0.6748046875 0.671303074670571 0.091796875 0.11273792093704246
1 0.611328125 0.6939970717423133 0.064453125 0.13177159590043924
1 0.41748046875 0.6976573938506588 0.0771484375 0.13030746705710103
1 0.30859375 0.6939970717423133 0.04296875 0.12005856515373353
1 0.34814453125 0.7049780380673499 0.0341796875 0.0746705710102489
1 0.27197265625 0.6742313323572474 0.0341796875 0.06588579795021962
1 0.46923828125 0.650805270863836 0.0361328125 0.0424597364568082
1 0.453125 0.6281112737920937 0.02734375 0.032210834553440704
1 0.451171875 0.5922401171303074 0.04296875 0.048316251830161056
1 0.359375 0.623718887262079 0.02734375 0.032210834553440704
1 0.3134765625 0.6002928257686676 0.01171875 0.029282576866764276
1 0.29345703125 0.5966325036603221 0.0185546875 0.027818448023426062
1 0.30419921875 0.6207906295754027 0.0283203125 0.03513909224011713
1 0.17724609375 0.6076134699853587 0.0244140625 0.043923865300146414
1 0.1552734375 0.6222547584187409 0.015625 0.03513909224011713
1 0.12890625 0.6127379209370425 0.015625 0.0424597364568082
1 0.11572265625 0.6178623718887262 0.0107421875 0.03513909224011713
1 0.09716796875 0.62298682284041 0.0224609375 0.03074670571010249
1 0.06689453125 0.6222547584187409 0.0146484375 0.03806734992679356
1 0.04736328125 0.6266471449487555 0.0224609375 0.04685212298682284
1 0.17822265625 0.7005856515373353 0.0810546875 0.10834553440702782
1 0.15869140625 0.7086383601756955 0.0615234375 0.0424597364568082