1 0.419541015625 0.5095447870778267 0.0927734375 0.0763582966226138
1 0.732744140625 0.47430249632892807 0.08560546875000008 0.048458149779735685
1 0.32177734375 0.7349486049926579 0.2021484375 0.18795888399412627
1 0.3779296875 0.7856093979441997 0.2265625 0.22026431718061673
1 0.232421875 0.8014684287812041 0.171875 0.21790014684287792
1 0.1201171875 0.8215859030837004 0.240234375 0.24816446402349487
1 0.83720703125 0.679632892804699 0.12602539062499996 0.07619676945668133
1 0.6923828125 0.7019089574155654 0.19140625 0.12481644640234948
1 0.75732421875 0.7745961820851689 0.1865234375 0.19236417033773862
1 0.57080078125 0.8010279001468429 0.212890625 0.21292217327459617
1 0.83349609375 0.7863436123348018 0.212890625 0.18649045521292218
1 0.9052734375 0.5697503671071953 0.0966796875 0.0763582966226138
1 0.461201171875 0.4869456681350955 0.06640625 0.07929515418502203
1 0.48583984375 0.6226138032305433 0.115234375 0.08076358296622614
1 0.75390625 0.5124816446402349 0.0546875 0.06461086637298091
1 0.038525390625 0.5222320117474303 0.072265625 0.07660792951541844
1 0.31181640625 0.4987371512481644 0.06635742187500004 0.057679882525697466
1 0.03125 0.4243759177679883 0.0576171875 0.032305433186490456
1 0.07069335937499999 0.6134801762114537 0.1171875 0.06020558002936858
1 0.23486328125 0.5308370044052864 0.078125 0.04698972099853157
1 0.15673828125 0.5323054331864905 0.0810546875 0.05286343612334802
1 0.26150390625 0.5571071953010279 0.0986328125 0.04552129221732746
1 0.228134765625 0.5841850220264317 0.095703125 0.04552129221732746
1 0.11528320312500001 0.6673274596182085 0.193359375 0.07342143906020558
1 0.0595703125 0.5814977973568282 0.1103515625 0.048458149779735685
1 0.2783203125 0.5249632892804699 0.0732421875 0.033773861967694566
1 0.37060546875 0.4588839941262849 0.0615234375 0.0381791483113069
1 0.400390625 0.5991189427312775 0.099609375 0.049926578560939794
1 0.1962890625 0.4265785609397944 0.0478515625 0.023494860499265784
1 0.2177734375 0.46541850220264314 0.056640625 0.04405286343612335
1 0.13427734375 0.6111894273127754 0.09375976562499999 0.0652569750367108
1 0.43896484375 0.4434654919236417 0.046875 0.030837004405286344
1 0.4491015625 0.662173274596182 0.13851562499999992 0.07195301027900147
1 0.10302734375 0.42584434654919234 0.060546875 0.023494860499265784
1 0.503154296875 0.6969309838472835 0.1396484375 0.07048458149779736
1 0.39111328125 0.48604992657856094 0.056640625 0.041116005873715125
1 0.07666015625 0.4522760646108664 0.064453125 0.033773861967694566
1 0.04248046875 0.47577092511013214 0.0556640625 0.03524229074889868
1 0.345703125 0.42584434654919234 0.04296875 0.020558002936857563
1 0.339111328125 0.5840234948604993 0.129404296875 0.06378854625550669
1 0.34640625 0.6277533039647577 0.12229492187500002 0.07048458149779736
1 0.38525390625 0.4236417033773862 0.0439453125 0.01908957415565345
1 0.41552734375 0.46255506607929514 0.0498046875 0.027900146842878122
1 0.0185546875 0.4713656387665198 0.037109375 0.03524229074889868
1 0.43505859375 0.5822320117474302 0.072265625 0.042584434654919234