1 0.41943359375 0.5029368575624082 0.095703125 0.08370044052863436
1 0.7333984375 0.49265785609397944 0.0869140625 0.055800293685756244
1 0.31396484375 0.7202643171806168 0.2080078125 0.20411160058737152
1 0.3681640625 0.775330396475771 0.234375 0.23788546255506607
1 0.22216796875 0.7797356828193832 0.1796875 0.2305433186490455
1 0.11669921875 0.7914831130690162 0.2333984375 0.26725403817914833
1 0.83056640625 0.7055800293685757 0.12890625 0.08663729809104258
1 0.68505859375 0.7165932452276065 0.1953125 0.1395007342143906
1 0.74755859375 0.7944199706314243 0.193359375 0.20704845814977973
1 0.56005859375 0.8061674008810573 0.2197265625 0.2290748898678414
1 0.8232421875 0.8120411160058737 0.21875 0.2026431718061674
1 0.90234375 0.6013215859030837 0.099609375 0.08370044052863436
1 0.4619140625 0.48384728340675476 0.0693359375 0.08370044052863436
1 0.4814453125 0.6211453744493393 0.1181640625 0.08957415565345081
1 0.7529296875 0.5323054331864905 0.056640625 0.06901615271659324
1 0.03857421875 0.48604992657856094 0.0751953125 0.08223201174743025
1 0.31201171875 0.48384728340675476 0.068359375 0.0631424375917768
1 0.03466796875 0.3876651982378855 0.05859375 0.03671071953010279
1 0.0673828125 0.579295154185022 0.119140625 0.06901615271659324
1 0.234375 0.5102790014684288 0.080078125 0.05286343612334802
1 0.15625 0.5051395007342144 0.0830078125 0.05873715124816446
1 0.259765625 0.5381791483113069 0.099609375 0.05286343612334802
1 0.2255859375 0.5624082232011748 0.0966796875 0.05286343612334802
1 0.10986328125 0.6365638766519823 0.1953125 0.0881057268722467
1 0.05712890625 0.5469897209985316 0.1123046875 0.05726872246696035
1 0.27783203125 0.5073421439060205 0.07421875 0.039647577092511016
1 0.3720703125 0.4486049926578561 0.0625 0.042584434654919234
1 0.39697265625 0.591042584434655 0.1015625 0.05726872246696035
1 0.19921875 0.40308370044052866 0.048828125 0.027900146842878122
1 0.21923828125 0.4434654919236417 0.0576171875 0.048458149779735685
1 0.130859375 0.5822320117474302 0.095703125 0.07195301027900147
1 0.44091796875 0.4390602055800294 0.0478515625 0.033773861967694566
1 0.443359375 0.657856093979442 0.140625 0.08223201174743025
1 0.10595703125 0.39500734214390604 0.0615234375 0.027900146842878122
1 0.49609375 0.6967694566813509 0.1416015625 0.08076358296622614
1 0.3916015625 0.47723935389133626 0.0576171875 0.04552129221732746
1 0.0791015625 0.41923641703377384 0.0654296875 0.0381791483113069
1 0.0439453125 0.4397944199706314 0.056640625 0.039647577092511016
1 0.3486328125 0.41409691629955947 0.0439453125 0.023494860499265784
1 0.33642578125 0.5712187958883994 0.1318359375 0.07342143906020558
1 0.34228515625 0.6152716593245228 0.125 0.07929515418502203
1 0.38818359375 0.41483113069016153 0.044921875 0.022026431718061675
1 0.4169921875 0.45594713656387664 0.05078125 0.032305433186490456
1 0.02001953125 0.4331864904552129 0.0380859375 0.0381791483113069
1 0.43212890625 0.5770925110132159 0.0732421875 0.048458149779735685