1 0.91259765625 0.5904947916666666 0.0927734375 0.07942708333333333
1 0.80810546875 0.55859375 0.048828125 0.052083333333333336
1 0.73486328125 0.576171875 0.0986328125 0.09635416666666667
1 0.49169921875 0.5397135416666666 0.1005859375 0.08203125
1 0.390625 0.5983072916666666 0.1337890625 0.17447916666666666
1 0.8984375 0.7337239583333334 0.1748046875 0.1875
1 0.6259765625 0.6790364583333334 0.1787109375 0.19010416666666666
1 0.82373046875 0.6080729166666666 0.08203125 0.07291666666666667
1 0.630859375 0.5397135416666666 0.0849609375 0.078125
1 0.58349609375 0.5052083333333334 0.0517578125 0.037760416666666664
1 0.5927734375 0.576171875 0.0849609375 0.061197916666666664
1 0.591796875 0.5442708333333334 0.078125 0.055989583333333336
1 0.5302734375 0.5169270833333334 0.048828125 0.0703125
1 0.5166015625 0.611328125 0.1103515625 0.12239583333333333