1 0.91796875 0.5227864583333334 0.087890625 0.06510416666666667
1 0.81103515625 0.5078125 0.044921875 0.045572916666666664
1 0.740234375 0.537109375 0.091796875 0.08203125
1 0.49560546875 0.541015625 0.095703125 0.06640625
1 0.400390625 0.615234375 0.1201171875 0.15625
1 0.9169921875 0.6673177083333334 0.1611328125 0.16276041666666666
1 0.6416015625 0.6569791666666666 0.1650390625 0.1640625
1 0.831123046875 0.5543489583333333 0.076904296875 0.06042968749999996
1 0.6334375 0.51796875 0.07977539062500005 0.06562499999999998
1 0.583447265625 0.4913151041666666 0.04944335937500011 0.029622395833333332
1 0.598916015625 0.5607942708333333 0.08130859374999999 0.048580729166666746
1 0.59517578125 0.528828125 0.07464843750000005 0.04402343749999993
1 0.531591796875 0.5122005208333333 0.04312500000000008 0.06397135416666666
1 0.52658203125 0.6081380208333333 0.10179687500000001 0.10614583333333331