1 0.791015625 0.697265625 0.083984375 0.09375
1 0.4658203125 0.8131510416666666 0.1201171875 0.18229166666666666
1 0.2705078125 0.8704427083333334 0.2021484375 0.21223958333333334
1 0.87109375 0.8307291666666666 0.146484375 0.15234375
1 0.75 0.7825520833333334 0.1064453125 0.08072916666666667
1 0.1103515625 0.796875 0.068359375 0.140625
1 0.9267578125 0.6783854166666666 0.0478515625 0.049479166666666664
1 0.7177734375 0.6907552083333334 0.068359375 0.06901041666666667
1 0.20654296875 0.7610677083333334 0.095703125 0.07552083333333333
1 0.03466796875 0.8424479166666666 0.0625 0.17838541666666666
1 0.23291015625 0.703125 0.0537109375 0.06510416666666667
1 0.20556640625 0.662109375 0.01953125 0.03125
1 0.22705078125 0.6627604166666666 0.017578125 0.03125
1 0.12451171875 0.6673177083333334 0.029296875 0.04296875
1 0.41796875 0.7115885416666666 0.0361328125 0.06510416666666667
1 0.94921875 0.6484375 0.0244140625 0.03125
1 0.46826171875 0.6764322916666666 0.03515625 0.045572916666666664
1 0.6376953125 0.6705729166666666 0.0400390625 0.052083333333333336
1 0.3759765625 0.6673177083333334 0.0390625 0.036458333333333336
1 0.07080078125 0.6861979166666666 0.03125 0.03125
1 0.880859375 0.6705729166666666 0.0390625 0.029947916666666668
1 0.53857421875 0.6725260416666666 0.0361328125 0.041666666666666664
1 0.48779296875 0.6549479166666666 0.029296875 0.024739583333333332
1 0.80517578125 0.66796875 0.0302734375 0.033854166666666664
1 0.34033203125 0.650390625 0.025390625 0.029947916666666668
1 0.7685546875 0.6614583333333334 0.041015625 0.028645833333333332
1 0.712890625 0.658203125 0.0361328125 0.0234375
1 0.9892578125 0.6575520833333334 0.021484375 0.041666666666666664
1 0.53076171875 0.6595052083333334 0.025390625 0.018229166666666668
1 0.59326171875 0.677734375 0.056640625 0.044270833333333336
1 0.2919921875 0.666015625 0.0380859375 0.033854166666666664
1 0.4326171875 0.69140625 0.048828125 0.048177083333333336