1 0.78857421875 0.7037760416666666 0.0830078125 0.09244791666666667
1 0.4619140625 0.8125 0.1181640625 0.1796875
1 0.265625 0.865234375 0.19921875 0.20703125
1 0.86669921875 0.8391927083333334 0.14453125 0.1484375
1 0.74609375 0.7884114583333334 0.10503906249999995 0.0783723958333334
1 0.10650390625 0.7877604166666666 0.066953125 0.13932291666666666
1 0.92431640625 0.6881510416666666 0.04742187499999995 0.04802083333333348
1 0.71533203125 0.6959635416666666 0.06719726562499995 0.06722656250000014
1 0.203369140625 0.75390625 0.094482421875 0.07389322916666667
1 0.030263671875 0.8313802083333334 0.06052734375 0.17692708333333348
1 0.230224609375 0.6966145833333334 0.05331054687500003 0.06416666666666664
1 0.20349609375 0.6552734375 0.019121093749999984 0.030455729166666796
1 0.22509765625 0.6565755208333334 0.017304687500000027 0.03085937500000006
1 0.12244140625 0.6585286458333334 0.028593749999999973 0.04191406250000007
1 0.4150390625 0.7096354166666666 0.03561523437500003 0.0637239583333334
1 0.947265625 0.6591796875 0.024384765625000027 0.030989583333333275
1 0.466064453125 0.67578125 0.03448242187499995 0.04513020833333344
1 0.63525390625 0.673828125 0.03943359375000011 0.05167968750000007
1 0.373779296875 0.6647135416666666 0.03875976562500005 0.036093750000000036
1 0.068662109375 0.6764322916666666 0.030849609375000003 0.031106770833333464
1 0.87841796875 0.6796875 0.038818359375 0.028867187500000096
1 0.5361328125 0.6731770833333334 0.03555664062500008 0.04075520833333327
1 0.485595703125 0.6546223958333334 0.028867187499999947 0.024062500000000025
1 0.802734375 0.6751302083333334 0.030156250000000107 0.03350260416666669
1 0.33837890625 0.6468098958333334 0.024658203125 0.02947916666666665
1 0.7666015625 0.66796875 0.04092773437500008 0.027786458333333226
1 0.7109375 0.6630859375 0.03594726562499995 0.022721354166666725
1 0.98779296875 0.6692708333333334 0.021748046874999982 0.04144531249999991
1 0.52880859375 0.6604817708333334 0.025371093750000018 0.017630208333333286
1 0.5908203125 0.6796875 0.05655273437500008 0.043372395833333265
1 0.2900390625 0.6614583333333334 0.03753906250000005 0.0333854166666668
1 0.43017578125 0.6901041666666666 0.04839843749999995 0.04695312499999993