1 0.521484375 0.12630208333333334 0.037109375 0.044270833333333336
1 0.44091796875 0.11979166666666667 0.037109375 0.020833333333333332
1 0.3486328125 0.13736979166666666 0.033203125 0.020833333333333332
1 0.267578125 0.12434895833333333 0.029296875 0.024739583333333332
1 0.00634765625 0.126953125 0.0126953125 0.032552083333333336
1 0.05517578125 0.150390625 0.046875 0.037760416666666664
1 0.11416015625 0.15235677083333332 0.035322265625000016 0.046875
1 0.1396484375 0.16861979166666666 0.0205078125 0.02734375
1 0.486328125 0.22330729166666666 0.0185546875 0.029947916666666668
1 0.8916015625 0.22317708333333333 0.05114257812499989 0.0546875
1 0.7265625 0.17513020833333334 0.048828125 0.024739583333333332
1 0.65185546875 0.21223958333333334 0.0419921875 0.05078125
1 0.544921875 0.17838541666666666 0.0400390625 0.057291666666666664
1 0.5791015625 0.17903645833333334 0.025390625 0.055989583333333336
1 0.47314453125 0.171875 0.0673828125 0.05078125
1 0.404296875 0.1875 0.0517578125 0.052083333333333336
1 0.349609375 0.1875 0.0498046875 0.052083333333333336
1 0.28271484375 0.2526041666666667 0.0400390625 0.06901041666666667
1 0.28759765625 0.197265625 0.0498046875 0.06510416666666667
1 0.22412109375 0.12955729166666666 0.0185546875 0.044270833333333336
1 0.17578125 0.14192708333333334 0.037109375 0.032552083333333336
1 0.08984375 0.18098958333333334 0.03515625 0.04296875
1 0.601396484375 0.2551171875 0.05539062500000003 0.05856770833333336
1 0.48173828125000007 0.29165364583333336 0.04298828124999998 0.053138020833333334
1 0.458876953125 0.2803645833333333 0.07772460937500003 0.07588541666666664
1 0.390625 0.2630208333333333 0.0419921875 0.057291666666666664
1 0.3681640625 0.33203125 0.0986328125 0.07552083333333333
1 0.66845703125 0.3033854166666667 0.07421875 0.057291666666666664
1 0.02880859375 0.3020833333333333 0.0478515625 0.08333333333333333
1 0.0966796875 0.251953125 0.0908203125 0.08463541666666667
1 0.111328125 0.326171875 0.1103515625 0.06380208333333333
1 0.224609375 0.2819010416666667 0.076171875 0.12109375
1 0.23974609375 0.3606770833333333 0.171875 0.08984375
1 0.560322265625 0.32295572916666665 0.126953125 0.09244791666666667
1 0.7773828125 0.28890625 0.12360351562499994 0.13350260416666662
1 0.92578125 0.3274739583333333 0.08203125 0.12109375
1 0.939453125 0.4479166666666667 0.12109375 0.13411458333333334
1 0.7561328125 0.48184895833333335 0.2177734375 0.24074218749999998
1 0.70849609375 0.48494791666666665 0.220703125 0.23162760416666664
1 0.565048828125 0.5922265624999999 0.232421875 0.28934895833333335
1 0.90185546875 0.62890625 0.1962890625 0.3567708333333333
1 0.677734375 0.7936197916666666 0.357421875 0.4127604166666667
1 0.38655273437499993 0.5428255208333334 0.2412109375 0.2942708333333333
1 0.345537109375 0.43942708333333336 0.07290039062499998 0.08837239583333334
1 0.487421875 0.38278645833333336 0.08796874999999993 0.052213541666666696
1 0.47326171875 0.3924348958333333 0.07772460937499992 0.029726562500000053
1 0.7980078125 0.3553645833333334 0.07670898437499996 0.05427083333333327
1 0.719931640625 0.3399739583333334 0.08805664062500007 0.05270833333333336
1 0.742041015625 0.3644921875 0.09549804687499996 0.05897135416666662
1 0.94966796875 0.2703125 0.07083984374999996 0.09497395833333333
1 0.860625 0.28256510416666664 0.06183593749999994 0.04330729166666666
1 0.882158203125 0.260390625 0.07123046875000005 0.03652343750000001
1 0.956318359375 0.21708333333333332 0.0457910156250001 0.06470052083333333
1 0.912685546875 0.18576822916666666 0.03835937499999997 0.04382812500000003
1 0.94830078125 0.17742187499999998 0.029746093750000036 0.03966145833333331
1 0.813271484375 0.17716145833333333 0.06183593749999994 0.0474869791666667
1 0.843994140625 0.18602864583333334 0.04187500000000011 0.04644531250000002
1 0.854560546875 0.20195312499999998 0.02622070312499991 0.050091145833333295
1 0.78822265625 0.20716145833333333 0.03287109375000008 0.05739583333333331
1 0.70740234375 0.21994791666666666 0.052050781249999956 0.04748697916666663
1 0.8162109375 0.14063802083333335 0.02700195312500009 0.02765625000000001
1 0.8561328125 0.1570703125 0.03561523437500003 0.024010416666666663
1 0.547724609375 0.24055989583333334 0.05283203124999991 0.040703124999999986
1 0.3866796875 0.12236979166666667 0.03756835937500003 0.030794270833333342
1 0.505263671875 0.201171875 0.06261718750000012 0.03183593749999999
1 0.432861328125 0.22124999999999997 0.03522460937500005 0.024010416666666663
1 0.31896484375 0.259609375 0.05166015624999998 0.039140625000000005
1 0.331298828125 0.2747395833333333 0.07162109375000003 0.055833333333333325
1 0.31603515625 0.3115364583333333 0.12093750000000003 0.05845052083333332
1 0.179833984375 0.22256510416666667 0.065361328125 0.03600260416666664
1 0.11193359375 0.19385416666666666 0.043046874999999984 0.02765625000000001
1 0.117412109375 0.1262890625 0.043837890625000014 0.025052083333333346