1 0.4921875 0.12565104166666666 0.0400390625 0.049479166666666664
1 0.41162109375 0.13020833333333334 0.0380859375 0.026041666666666668
1 0.32080078125 0.16015625 0.0341796875 0.024739583333333332
1 0.2392578125 0.15885416666666666 0.03125 0.028645833333333332
1 0.0302734375 0.21419270833333334 0.0498046875 0.044270833333333336
1 0.0888671875 0.20833333333333334 0.0390625 0.052083333333333336
1 0.11572265625 0.220703125 0.0224609375 0.029947916666666668
1 0.46484375 0.2265625 0.0205078125 0.032552083333333336
1 0.86767578125 0.169921875 0.0546875 0.061197916666666664
1 0.69970703125 0.14518229166666666 0.05078125 0.03125
1 0.62841796875 0.19270833333333334 0.0458984375 0.055989583333333336
1 0.51953125 0.173828125 0.0439453125 0.0625
1 0.5537109375 0.169921875 0.029296875 0.05859375
1 0.44775390625 0.177734375 0.0712890625 0.059895833333333336
1 0.38037109375 0.20247395833333334 0.0556640625 0.05859375
1 0.326171875 0.21028645833333334 0.0537109375 0.05859375
1 0.2646484375 0.2845052083333333 0.044921875 0.07421875
1 0.26513671875 0.228515625 0.0546875 0.07161458333333333
1 0.19677734375 0.169921875 0.021484375 0.046875
1 0.1494140625 0.18880208333333334 0.0390625 0.037760416666666664
1 0.06689453125 0.23958333333333334 0.0380859375 0.048177083333333336
1 0.58154296875 0.2421875 0.0595703125 0.06640625
1 0.46533203125 0.2955729166666667 0.046875 0.05859375
1 0.44189453125 0.287109375 0.0830078125 0.0859375
1 0.37255859375 0.279296875 0.0458984375 0.0625
1 0.35595703125 0.3515625 0.1044921875 0.08854166666666667
1 0.65234375 0.28125 0.078125 0.06770833333333333
1 0.021484375 0.369140625 0.04296875 0.08984375
1 0.07958984375 0.3092447916666667 0.0966796875 0.09635416666666667
1 0.099609375 0.3815104166666667 0.115234375 0.07942708333333333
1 0.208984375 0.3216145833333333 0.0849609375 0.13151041666666666
1 0.23046875 0.3977864583333333 0.177734375 0.11328125
1 0.5458984375 0.3157552083333333 0.1337890625 0.109375
1 0.75927734375 0.2513020833333333 0.1337890625 0.14973958333333334
1 0.91015625 0.2688802083333333 0.0908203125 0.13151041666666666
1 0.93310546875 0.38671875 0.130859375 0.14973958333333334
1 0.75341796875 0.4459635416666667 0.2353515625 0.26953125
1 0.7060546875 0.4557291666666667 0.2373046875 0.26171875
1 0.57177734375 0.5826822916666666 0.25390625 0.3203125
1 0.89892578125 0.5716145833333334 0.2021484375 0.3828125
1 0.69970703125 0.7669270833333334 0.3876953125 0.4609375
1 0.390625 0.55859375 0.2626953125 0.3268229166666667
1 0.341796875 0.4615885416666667 0.0791015625 0.09765625
1 0.478515625 0.3854166666666667 0.091796875 0.06380208333333333
1 0.46484375 0.396484375 0.080078125 0.040364583333333336
1 0.78515625 0.314453125 0.080078125 0.06510416666666667
1 0.7060546875 0.3098958333333333 0.091796875 0.06510416666666667
1 0.72998046875 0.3313802083333333 0.099609375 0.07161458333333333
1 0.92919921875 0.208984375 0.078125 0.10416666666666667
1 0.841796875 0.23372395833333334 0.064453125 0.052083333333333336
1 0.861328125 0.20833333333333334 0.0732421875 0.046875
1 0.931640625 0.15494791666666666 0.05078125 0.0703125
1 0.8857421875 0.13020833333333334 0.0419921875 0.049479166666666664
1 0.92041015625 0.11653645833333333 0.0322265625 0.04296875
1 0.7861328125 0.13541666666666666 0.0654296875 0.055989583333333336
1 0.8173828125 0.13997395833333334 0.044921875 0.052083333333333336
1 0.8291015625 0.154296875 0.0302734375 0.053385416666666664
1 0.763671875 0.16861979166666666 0.037109375 0.061197916666666664
1 0.68408203125 0.19270833333333334 0.0556640625 0.0546875
1 0.7861328125 0.09830729166666667 0.029296875 0.03125
1 0.8271484375 0.109375 0.037109375 0.028645833333333332
1 0.52734375 0.23502604166666666 0.0556640625 0.048177083333333336
1 0.35791015625 0.13997395833333334 0.0400390625 0.036458333333333336
1 0.48193359375 0.20182291666666666 0.064453125 0.040364583333333336
1 0.4111328125 0.232421875 0.037109375 0.028645833333333332
1 0.30126953125 0.2864583333333333 0.0546875 0.045572916666666664
1 0.314453125 0.2994791666666667 0.0751953125 0.06510416666666667
1 0.30224609375 0.337890625 0.125 0.07552083333333333
1 0.15966796875 0.2688802083333333 0.0673828125 0.044270833333333336
1 0.08984375 0.24934895833333334 0.044921875 0.033854166666666664
1 0.09033203125 0.181640625 0.0458984375 0.03125