1 0.619140625 0.31991215226939973 0.255859375 0.20937042459736457
1 0.55859375 0.7964860907759883 0.333984375 0.40702781844802344
1 0.162109375 0.6976573938506588 0.32421875 0.404099560761347
1 0.81005859375 0.41178623718887264 0.31298828125 0.16910688140556368
1 0.153203125 0.28825768667642754 0.20654296875 0.16480234260614934
1 0.89306640625 0.6303074670571011 0.1842089843750001 0.40263543191800877
1 0.9208984375 0.8308931185944363 0.158203125 0.3206442166910688
1 0.25244140625 0.3629282576866764 0.24109375 0.2113909224011713
1 0.7626953125 0.2774524158125915 0.1925097656250001 0.15831625183016104
1 0.482666015625 0.5274524158125915 0.16943359375 0.24267935578330893
1 0.9404296875 0.33528550512445093 0.119140625 0.1493411420204978
1 0.12353515625 0.4978038067349927 0.2470703125 0.17084919472913623
1 0.459716796875 0.3028989751098097 0.1326953125000001 0.21010248901903367
1 0.685185546875 0.5868081991215227 0.38750976562499995 0.33325036603221087