1 0.59423828125 0.2891654465592972 0.27734375 0.2781844802342606
1 0.59521484375 0.7635431918008785 0.3798828125 0.47291361639824303
1 0.19287109375 0.7730600292825769 0.3701171875 0.4538799414348463
1 0.79296875 0.32503660322108346 0.3291015625 0.2562225475841874
1 0.1328125 0.3916544655929722 0.2236328125 0.22108345534407028
1 0.89306640625 0.5153733528550513 0.2138671875 0.4480234260614934
1 0.92822265625 0.7042459736456809 0.1435546875 0.3601756954612006
1 0.23974609375 0.4363103953147877 0.263671875 0.2767203513909224
1 0.7294921875 0.20644216691068815 0.208984375 0.2108345534407028
1 0.486328125 0.5322108345534406 0.197265625 0.2869692532942899
1 0.9111328125 0.212298682284041 0.1357421875 0.1800878477306003
1 0.13134765625 0.6054172767203514 0.2626953125 0.23865300146412885
1 0.435546875 0.31771595900439237 0.1572265625 0.2445095168374817
1 0.69287109375 0.5322108345534406 0.4228515625 0.4377745241581259