1 0.874560546875 0.5775386597938146 0.15324218750000007 0.2046005154639175
1 0.282587890625 0.6241237113402063 0.1053515625 0.17750000000000002
1 0.42392578125 0.6345231958762887 0.10809570312500005 0.18971649484536085
1 0.54123046875 0.6127190721649485 0.08879882812500006 0.18047680412371128
1 0.641708984375 0.5924097938144329 0.10963867187499998 0.1682603092783506
1 0.18068359375 0.6295747422680413 0.078916015625 0.1798067010309278
1 0.052822265625 0.6604381443298969 0.103212890625 0.20055412371134035
1 0.358642578125 0.615979381443299 0.08648437499999995 0.1899226804123713
1 0.7626953125 0.5686211340206185 0.109130859375 0.1982989690721651
1 0.1226171875 0.6262886597938144 0.068544921875 0.1791237113402062
1 0.55615234375 0.4896907216494845 0.082275390625 0.09213917525773196
1 0.24255859375 0.5538015463917526 0.05166992187499997 0.05319587628865976
1 0.33447265625 0.5447809278350515 0.05032226562499997 0.044342783505154595
1 0.21142578125 0.5505798969072165 0.04940429687500003 0.044059278350515534
1 0.228515625 0.6114690721649485 0.08990234374999995 0.18025773195876302
1 0.451904296875 0.5415592783505154 0.073974609375 0.04972938144329901