1 0.86083984375 0.6539948453608248 0.17578125 0.23324742268041238
1 0.2705078125 0.5779639175257731 0.125 0.19716494845360824
1 0.40869140625 0.6172680412371134 0.12890625 0.21005154639175258
1 0.52734375 0.6198453608247423 0.109375 0.19716494845360824
1 0.62890625 0.6204896907216495 0.1279296875 0.18943298969072164
1 0.16943359375 0.5618556701030928 0.099609375 0.19329896907216496
1 0.05126953125 0.5657216494845361 0.1025390625 0.2190721649484536
1 0.3466796875 0.5850515463917526 0.1083984375 0.20489690721649484
1 0.75146484375 0.6217783505154639 0.130859375 0.21778350515463918
1 0.1123046875 0.5470360824742269 0.0888671875 0.19072164948453607
1 0.556640625 0.5012886597938144 0.091796875 0.10824742268041238
1 0.2392578125 0.5 0.0576171875 0.06314432989690721
1 0.3310546875 0.5103092783505154 0.0546875 0.05412371134020619
1 0.208984375 0.49033505154639173 0.0537109375 0.05412371134020619
1 0.21875 0.5541237113402062 0.1103515625 0.19716494845360824
1 0.44775390625 0.5309278350515464 0.0791015625 0.06443298969072164