1 0.41162109375 0.4172767203513909 0.0966796875 0.19765739385065886
1 0.31787109375 0.7093704245973645 0.166015625 0.21815519765739386
1 0.09423828125 0.6456808199121523 0.146484375 0.1581259150805271
1 0.30029296875 0.6756954612005857 0.166015625 0.18448023426061494
1 0.93701171875 0.8038067349926794 0.10546875 0.22547584187408493
1 0.9375 0.6910688140556369 0.1142578125 0.1493411420204978
1 0.78271484375 0.7474377745241582 0.130859375 0.16398243045387995
1 0.75732421875 0.6581259150805271 0.185546875 0.16251830161054173
1 0.68994140625 0.7152269399707174 0.22265625 0.2547584187408492
1 0.54052734375 0.7525622254758418 0.1748046875 0.23865300146412885
1 0.43701171875 0.6756954612005857 0.115234375 0.1903367496339678
1 0.10546875 0.6837481698389458 0.2109375 0.19912152269399708