1 0.4072265625 0.4289897510980966 0.0859375 0.18740849194729137
1 0.33056640625 0.7320644216691069 0.1552734375 0.19912152269399708
1 0.1044921875 0.698389458272328 0.138671875 0.14055636896046853
1 0.31103515625 0.7013177159590044 0.1572265625 0.16398243045387995
1 0.953125 0.7452415812591509 0.09375 0.21376281112737922
1 0.94677734375 0.6332357247437774 0.1064453125 0.13616398243045388
1 0.7958984375 0.7093704245973645 0.123046875 0.1478770131771596
1 0.765625 0.623718887262079 0.177734375 0.14055636896046853
1 0.70166015625 0.6896046852122987 0.2099609375 0.22840409956076135
1 0.55517578125 0.7459736456808199 0.1630859375 0.21815519765739386
1 0.447265625 0.6830161054172768 0.10546875 0.17715959004392387
1 0.1123046875 0.7357247437774525 0.212890625 0.17130307467057102