1 0.59744140625 0.5888020833333333 0.3635546875 0.29113281250000006
1 0.267021484375 0.5590625 0.19990234374999993 0.24277343750000005
1 0.85099609375 0.4090364583333333 0.16670898437500004 0.1995833333333333
1 0.660361328125 0.4385807291666666 0.1002246093750001 0.12031249999999998
1 0.72552734375 0.3699609375 0.07038085937499994 0.1608984374999999
1 0.952412109375 0.4041666666666666 0.09111328124999996 0.20773437499999994
1 0.497958984375 0.3982161458333333 0.18220703125000004 0.17501302083333328
1 0.401533203125 0.5209374999999999 0.14338867187500004 0.26044270833333333
1 0.069638671875 0.43440104166666665 0.13927734375 0.17446614583333334
1 0.199658203125 0.43180989583333335 0.15593749999999995 0.15363281250000002
1 0.3105859375 0.3594791666666666 0.12387695312500002 0.1235677083333333
1 0.39611328125 0.3445963541666666 0.06447265624999998 0.14588541666666663
1 0.195615234375 0.35186197916666667 0.136123046875 0.09791666666666672
1 0.083408203125 0.34665364583333336 0.13908203125000002 0.10833333333333339
1 0.5653515625 0.24794270833333332 0.0572363281249999 0.06154947916666664
1 0.616640625 0.2823307291666667 0.041542968749999964 0.09319010416666666
1 0.639775390625 0.25135416666666666 0.04239257812500008 0.07423177083333332
1 0.714208984375 0.22018229166666667 0.028603515624999964 0.05291666666666665
1 0.74111328125 0.21627604166666667 0.028193359374999893 0.04119791666666665
1 0.61900390625 0.21795572916666664 0.05358398437499989 0.04063802083333331
1 0.532265625 0.2402734375 0.028115234374999964 0.055976562500000014
1 0.49291015625 0.24291666666666667 0.031455078125000036 0.06322916666666667
1 0.473955078125 0.23630208333333333 0.02432617187499997 0.059739583333333325
1 0.37212890625 0.22061197916666667 0.02580078124999996 0.04790364583333336
1 0.399501953125 0.223046875 0.023408203125000027 0.05278645833333336
1 0.42634765625 0.22123697916666665 0.019960937500000053 0.04526041666666666
1 0.441845703125 0.22227864583333334 0.02457031249999997 0.05710937500000002