1 0.58740234375 0.6061197916666666 0.390625 0.35546875
1 0.26318359375 0.5149739583333334 0.2236328125 0.27734375
1 0.85693359375 0.4752604166666667 0.185546875 0.22916666666666666
1 0.6650390625 0.46875 0.111328125 0.13802083333333334
1 0.73681640625 0.4127604166666667 0.0869140625 0.171875
1 0.95068359375 0.4889322916666667 0.0986328125 0.22265625
1 0.5087890625 0.3990885416666667 0.1982421875 0.20703125
1 0.400390625 0.5026041666666666 0.1689453125 0.28515625
1 0.08056640625 0.35546875 0.15625 0.19921875
1 0.20947265625 0.376953125 0.1708984375 0.18098958333333334
1 0.3271484375 0.3255208333333333 0.1357421875 0.14583333333333334
1 0.41357421875 0.3268229166666667 0.0791015625 0.15625
1 0.2138671875 0.296875 0.14453125 0.12239583333333333
1 0.103515625 0.2708333333333333 0.1494140625 0.1328125
1 0.5908203125 0.2623697916666667 0.0634765625 0.07161458333333333
1 0.63818359375 0.3059895833333333 0.05078125 0.10026041666666667
1 0.66455078125 0.2799479166666667 0.0498046875 0.08072916666666667
1 0.7412109375 0.2623697916666667 0.0341796875 0.057291666666666664
1 0.7685546875 0.263671875 0.0322265625 0.045572916666666664
1 0.6474609375 0.24283854166666666 0.0576171875 0.05078125
1 0.55908203125 0.24869791666666666 0.033203125 0.061197916666666664
1 0.52001953125 0.244140625 0.0380859375 0.06901041666666667
1 0.501953125 0.23372395833333334 0.0302734375 0.06380208333333333
1 0.40234375 0.19986979166666666 0.0302734375 0.052083333333333336
1 0.42919921875 0.20703125 0.0283203125 0.055989583333333336
1 0.4560546875 0.21028645833333334 0.0244140625 0.048177083333333336
1 0.47119140625 0.21419270833333334 0.0302734375 0.061197916666666664