1 0.57763671875 0.649746192893401 0.13671875 0.14086294416243655
1 0.1162109375 0.6027918781725888 0.1201171875 0.12436548223350254
1 0.32763671875 0.6345177664974619 0.15234375 0.12690355329949238
1 0.6591796875 0.6453045685279187 0.1162109375 0.09644670050761421
1 0.447265625 0.600253807106599 0.099609375 0.0850253807106599
1 0.5556640625 0.6027918781725888 0.099609375 0.07614213197969544
1 0.3955078125 0.5951776649746193 0.07421875 0.07106598984771574
1 0.7421875 0.6243654822335025 0.1025390625 0.06472081218274112
1 0.0771484375 0.5602791878172588 0.0947265625 0.0583756345177665
1 0.02978515625 0.5545685279187818 0.0546875 0.048223350253807105
1 0.20703125 0.5793147208121827 0.0966796875 0.11294416243654823
1 0.3173828125 0.5685279187817259 0.083984375 0.03553299492385787
1 0.169921875 0.5824873096446701 0.0341796875 0.06345177664974619
1 0.1328125 0.583756345177665 0.0517578125 0.0532994923857868
1 0.484375 0.5767766497461929 0.0263671875 0.030456852791878174
1 0.37158203125 0.6072335025380711 0.0322265625 0.050761421319796954
1 0.70849609375 0.6154822335025381 0.04296875 0.046954314720812185
1 0.6494140625 0.5856598984771574 0.0771484375 0.025380710659898477