1 0.57763671875 0.649746192893401 0.13671875 0.14086294416243655
1 0.1162109375 0.6027918781725888 0.1201171875 0.12436548223350254
1 0.32763671875 0.6345177664974619 0.15234375 0.12690355329949238
1 0.6591796875 0.6453045685279187 0.11615234375000005 0.09612944162436549
1 0.447509765625 0.600253807106599 0.0994921875 0.08510152284263953
1 0.5556640625 0.6027918781725888 0.09912109375 0.0758248730964467
1 0.3955078125 0.5948604060913706 0.073974609375 0.07123096446700507
1 0.7421875 0.6240482233502538 0.10248046875000005 0.0646827411167513
1 0.07720703125 0.5602791878172588 0.094853515625 0.0586167512690356
1 0.0296484375 0.5545685279187818 0.05419921875 0.04857868020304565
1 0.2069140625 0.5793147208121827 0.0966796875 0.1134263959390863
1 0.317138671875 0.5685279187817259 0.083740234375 0.03591370558375629
1 0.169677734375 0.5824873096446701 0.034550781249999996 0.06313451776649746
1 0.132568359375 0.5834390862944162 0.05154296874999997 0.05266497461928934
1 0.484619140625 0.5767766497461929 0.026308593750000053 0.031065989847715757
1 0.37158203125 0.6072335025380711 0.03204101562499995 0.05029187817258882
1 0.70849609375 0.6154822335025381 0.04256835937499992 0.04656091370558382
1 0.6494140625 0.5856598984771574 0.07720703124999995 0.025723350253807082