1 0.69451171875 0.5751988636363636 0.027285156250000053 0.07144886363636357
1 0.5646875 0.5978835227272727 0.06606445312500009 0.0741193181818181
1 0.1630859375 0.7336647727272727 0.169921875 0.21875
1 0.259765625 0.7038352272727273 0.171875 0.18892045454545456
1 0.39599609375 0.6775568181818182 0.07421875 0.10653409090909091
1 0.58751953125 0.5527272727272727 0.025947265624999938 0.05607954545454548
1 0.6301953125 0.5553267045454545 0.04263671875000008 0.052855113636363686
1 0.7257421875 0.5744318181818181 0.0390625 0.0507386363636364
1 0.69361328125 0.5562357954545454 0.04126953124999999 0.06308238636363632
1 0.7500390625 0.5654545454545454 0.061474609375000044 0.05866477272727266
1 0.775546875 0.5635085227272727 0.04712890624999999 0.06558238636363631