1 0.6904296875 0.5944602272727273 0.0302734375 0.07386363636363637
1 0.56005859375 0.6044034090909091 0.0693359375 0.08096590909090909
1 0.15283203125 0.6988636363636364 0.1796875 0.23579545454545456
1 0.25048828125 0.6789772727272727 0.1806640625 0.2059659090909091
1 0.3876953125 0.6669034090909091 0.0791015625 0.11363636363636363
1 0.5849609375 0.5617897727272727 0.0283203125 0.05823863636363636
1 0.62744140625 0.5681818181818182 0.044921875 0.056818181818181816
1 0.7216796875 0.5973011363636364 0.041015625 0.05397727272727273
1 0.6904296875 0.5759943181818182 0.0439453125 0.06676136363636363
1 0.74609375 0.5909090909090909 0.064453125 0.06534090909090909
1 0.77197265625 0.5916193181818182 0.0498046875 0.06960227272727272