1 0.93212890625 0.4713541666666667 0.1357421875 0.078125
1 0.857421875 0.580078125 0.275390625 0.265625
1 0.9443359375 0.4173177083333333 0.111328125 0.09244791666666667
1 0.68017578125 0.3671875 0.0673828125 0.06380208333333333
1 0.6015625 0.3678385416666667 0.1142578125 0.07421875
1 0.703125 0.4270833333333333 0.2158203125 0.13671875
1 0.6669921875 0.78515625 0.4765625 0.4296875
1 0.89990234375 0.7513020833333334 0.2001953125 0.4973958333333333
1 0.576171875 0.4205729166666667 0.1484375 0.08984375
1 0.33935546875 0.4583333333333333 0.2646484375 0.109375
1 0.53515625 0.3645833333333333 0.10546875 0.078125
1 0.48779296875 0.3489583333333333 0.0859375 0.06640625
1 0.484375 0.38671875 0.126953125 0.12369791666666667
1 0.4482421875 0.3391927083333333 0.0595703125 0.05859375
1 0.35107421875 0.3671875 0.177734375 0.12369791666666667
1 0.3330078125 0.3385416666666667 0.064453125 0.08333333333333333
1 0.16845703125 0.3359375 0.072265625 0.052083333333333336
1 0.0546875 0.3385416666666667 0.052734375 0.061197916666666664
1 0.13330078125 0.3873697916666667 0.16796875 0.11328125
1 0.119140625 0.5071614583333334 0.197265625 0.2890625
1 0.2568359375 0.8040364583333334 0.513671875 0.3919270833333333
1 0.3642578125 0.5403645833333334 0.3076171875 0.24739583333333334
1 0.671875 0.5436197916666666 0.27734375 0.15494791666666666