1 0.93212890625 0.4518229166666667 0.1357421875 0.07161458333333333
1 0.859375 0.5631510416666666 0.2685546875 0.25390625
1 0.94384765625 0.396484375 0.1123046875 0.08723958333333333
1 0.6767578125 0.3587239583333333 0.0654296875 0.061197916666666664
1 0.59814453125 0.36328125 0.1123046875 0.06901041666666667
1 0.701171875 0.41796875 0.212890625 0.12630208333333334
1 0.67529296875 0.7864583333333334 0.4658203125 0.4270833333333333
1 0.90625 0.736328125 0.1875 0.4973958333333333
1 0.57421875 0.4173177083333333 0.146484375 0.08333333333333333
1 0.33837890625 0.4661458333333333 0.2626953125 0.09765625
1 0.53173828125 0.36328125 0.103515625 0.07291666666666667
1 0.48388671875 0.349609375 0.083984375 0.0625
1 0.4814453125 0.3873697916666667 0.1240234375 0.11848958333333333
1 0.44384765625 0.341796875 0.05859375 0.055989583333333336
1 0.34765625 0.3743489583333333 0.1748046875 0.11588541666666667
1 0.3291015625 0.3463541666666667 0.0625 0.08072916666666667
1 0.16455078125 0.3515625 0.0712890625 0.048177083333333336
1 0.05078125 0.359375 0.05078125 0.05859375
1 0.13037109375 0.404296875 0.1650390625 0.10546875
1 0.11962890625 0.5247395833333334 0.1904296875 0.2799479166666667
1 0.26220703125 0.8151041666666666 0.509765625 0.3684895833333333
1 0.365234375 0.546875 0.3017578125 0.23307291666666666
1 0.6728515625 0.5358072916666666 0.2734375 0.14192708333333334