1 0.712890625 0.5538922155688623 0.0859375 0.06347305389221557
1 0.7763671875 0.5646706586826348 0.09083007812499999 0.05389221556886228
1 0.707119140625 0.5810059880239521 0.10431640624999994 0.06911377245508986
1 0.627158203125 0.5766467065868264 0.10603515624999993 0.07544910179640718
1 0.52685546875 0.5532934131736527 0.0791015625 0.07904191616766468
1 0.42529296875 0.5655928143712574 0.11328125 0.07664670658682635
1 0.22607421875 0.5174610778443114 0.0859375 0.04651497005988028
1 0.326171875 0.5323353293413173 0.0859375 0.10059880239520957
1 0.25439453125 0.5532934131736527 0.1005859375 0.081437125748503
1 0.43765625 0.5452574850299401 0.08035156249999997 0.06568862275449104
1 0.3704296875 0.5416407185628742 0.04338867187499995 0.07554491017964077
1 0.624072265625 0.5459161676646707 0.08250000000000002 0.06438323353293413