1 0.70361328125 0.5940119760479042 0.0927734375 0.07904191616766468
1 0.7646484375 0.6167664670658682 0.0966796875 0.07065868263473053
1 0.6943359375 0.6197604790419161 0.1123046875 0.08862275449101796
1 0.61572265625 0.6 0.1142578125 0.09461077844311377
1 0.51953125 0.5580838323353293 0.087890625 0.09341317365269461
1 0.41796875 0.5502994011976048 0.1220703125 0.09700598802395209
1 0.22705078125 0.46467065868263474 0.0908203125 0.06227544910179641
1 0.32421875 0.49880239520958086 0.09765625 0.11616766467065869
1 0.25048828125 0.5053892215568863 0.109375 0.09940119760479042
1 0.4326171875 0.5329341317365269 0.087890625 0.08023952095808383
1 0.36669921875 0.5161676646706587 0.052734375 0.08263473053892216
1 0.61669921875 0.5688622754491018 0.08984375 0.07904191616766468