1 0.84033203125 0.6231671554252199 0.2265625 0.5982404692082112
1 0.72021484375 0.656158357771261 0.1923828125 0.5733137829912024
1 0.611328125 0.6759530791788856 0.2919921875 0.5806451612903226
1 0.52685546875 0.7016129032258065 0.3642578125 0.5967741935483871
1 0.44384765625 0.7082111436950147 0.416015625 0.5703812316715543
1 0.806640625 0.41715542521994137 0.38671875 0.626099706744868
1 0.88134765625 0.24853372434017595 0.2216796875 0.2668621700879765
1 0.630859375 0.3680351906158358 0.443359375 0.3944281524926686
1 0.55126953125 0.2287390029325513 0.166015625 0.1627565982404692
1 0.412109375 0.22947214076246333 0.1455078125 0.12903225806451613
1 0.46435546875 0.2690615835777126 0.11328125 0.17008797653958943
1 0.89013671875 0.20307917888563048 0.19140625 0.16422287390029325