1 0.830078125 0.6759530791788856 0.1875 0.5718475073313783
1 0.7080078125 0.6898826979472141 0.154296875 0.5527859237536656
1 0.5986328125 0.6928152492668622 0.255859375 0.5439882697947214
1 0.5126953125 0.7052785923753666 0.328125 0.5483870967741935
1 0.4296875 0.6979472140762464 0.3828125 0.5131964809384164
1 0.818359375 0.46774193548387094 0.36328125 0.5718475073313783
1 0.89697265625 0.3101173020527859 0.2060546875 0.23607038123167157
1 0.63916015625 0.38929618768328444 0.4228515625 0.32991202346041054
1 0.56982421875 0.23826979472140764 0.1572265625 0.13929618768328444
1 0.431640625 0.21700879765395895 0.138671875 0.10850439882697947
1 0.48046875 0.26466275659824046 0.103515625 0.15395894428152493
1 0.90869140625 0.2661290322580645 0.1826171875 0.13636363636363635