1 0.0595703125 0.19986979166666666 0.021484375 0.024739583333333332
1 0.07958984375 0.3125 0.052734375 0.0703125
1 0.11962890625 0.205078125 0.0107421875 0.010416666666666666
1 0.1376953125 0.203125 0.0126953125 0.014322916666666666
1 0.203125 0.21549479166666666 0.009765625 0.010416666666666666
1 0.21728515625 0.21549479166666666 0.015625 0.014322916666666666
1 0.2685546875 0.21549479166666666 0.021484375 0.018229166666666668
1 0.3251953125 0.22721354166666666 0.009765625 0.0078125
1 0.3798828125 0.21875 0.025390625 0.024739583333333332
1 0.39990234375 0.22721354166666666 0.0126953125 0.0078125
1 0.4287109375 0.22265625 0.0263671875 0.024739583333333332
1 0.4619140625 0.4602864583333333 0.080078125 0.14192708333333334
1 0.45703125 0.4908854166666667 0.0673828125 0.11458333333333333
1 0.44384765625 0.22395833333333334 0.0126953125 0.014322916666666666
1 0.6103515625 0.234375 0.0107421875 0.010416666666666666
1 0.65380859375 0.46484375 0.0576171875 0.10807291666666667
1 0.64990234375 0.234375 0.005859375 0.010416666666666666
1 0.671875 0.23307291666666666 0.009765625 0.013020833333333334
1 0.7578125 0.23567708333333334 0.03125 0.016927083333333332
1 0.80078125 0.23958333333333334 0.0205078125 0.016927083333333332
1 0.86962890625 0.2532552083333333 0.0390625 0.02734375
1 0.90380859375 0.24153645833333334 0.0205078125 0.0078125
1 0.93505859375 0.23046875 0.0263671875 0.03515625