1 0.03857421875 0.2630208333333333 0.0234375 0.02734375
1 0.0673828125 0.3723958333333333 0.0576171875 0.07682291666666667
1 0.0986328125 0.259765625 0.01171875 0.01171875
1 0.1162109375 0.2552083333333333 0.013671875 0.015625
1 0.1826171875 0.2584635416666667 0.0107421875 0.01171875
1 0.1962890625 0.2565104166666667 0.0166015625 0.016927083333333332
1 0.24755859375 0.24934895833333334 0.0224609375 0.020833333333333332
1 0.3046875 0.2532552083333333 0.0107421875 0.009114583333333334
1 0.3583984375 0.23697916666666666 0.02734375 0.028645833333333332
1 0.37890625 0.24283854166666666 0.013671875 0.009114583333333334
1 0.4072265625 0.234375 0.0283203125 0.028645833333333332
1 0.458984375 0.4654947916666667 0.0908203125 0.15234375
1 0.45654296875 0.4967447916666667 0.076171875 0.12369791666666667
1 0.42236328125 0.23307291666666666 0.013671875 0.015625
1 0.5888671875 0.220703125 0.01171875 0.01171875
1 0.650390625 0.443359375 0.0654296875 0.11588541666666667
1 0.62841796875 0.21484375 0.0068359375 0.01171875
1 0.64990234375 0.21028645833333334 0.0107421875 0.014322916666666666
1 0.73583984375 0.201171875 0.0322265625 0.020833333333333332
1 0.77880859375 0.19921875 0.021484375 0.01953125
1 0.84814453125 0.203125 0.041015625 0.032552083333333336
1 0.88134765625 0.18684895833333334 0.021484375 0.010416666666666666
1 0.91162109375 0.17122395833333334 0.029296875 0.0390625