1 0.189453125 0.5072992700729927 0.068359375 0.09343065693430656
1 0.29736328125 0.4708029197080292 0.1162109375 0.12262773722627737
1 0.43408203125 0.502919708029197 0.0576171875 0.13576642335766423
1 0.41845703125 0.44379562043795623 0.080078125 0.09781021897810219
1 0.97802734375 0.3948905109489051 0.0419921875 0.08467153284671533
1 0.90966796875 0.4051094890510949 0.0732421875 0.08175182481751825
1 0.88720703125 0.4510948905109489 0.083984375 0.14890510948905109
1 0.8115234375 0.4489051094890511 0.0498046875 0.16058394160583941
1 0.74072265625 0.4335766423357664 0.0791015625 0.11532846715328467
1 0.67724609375 0.472992700729927 0.1064453125 0.12700729927007298
1 0.517578125 0.4489051094890511 0.1240234375 0.1386861313868613
1 0.5771484375 0.464963503649635 0.0625 0.0948905109489051