1 0.189453125 0.4912408759124088 0.06640625 0.0905109489051095
1 0.29833984375 0.46058394160583943 0.11328125 0.11678832116788321
1 0.43408203125 0.4992700729927007 0.0546875 0.13284671532846715
1 0.419921875 0.4394160583941606 0.078125 0.09343065693430656
1 0.97998046875 0.4197080291970803 0.0400390625 0.08321167883211679
1 0.91162109375 0.42627737226277373 0.0712890625 0.07737226277372262
1 0.88818359375 0.47153284671532847 0.0810546875 0.14452554744525548
1 0.8125 0.464963503649635 0.0458984375 0.15766423357664233
1 0.7421875 0.445985401459854 0.076171875 0.11094890510948906
1 0.677734375 0.4824817518248175 0.103515625 0.12116788321167883
1 0.5185546875 0.44963503649635034 0.12109375 0.13284671532846715
1 0.578125 0.46934306569343065 0.060546875 0.09197080291970802