1 0.756298828125 0.31257100149476835 0.011660156250000053 0.015515695067264567
1 0.79185546875 0.40124065769805684 0.014082031250000071 0.021405082212257176
1 0.71736328125 0.4112257100149477 0.01480468750000008 0.023512705530642778
1 0.4033203125 0.35995515695067265 0.008916015624999996 0.017772795216741386
1 0.503056640625 0.35735426008968607 0.013193359374999991 0.019028400597907353
1 0.79052734375 0.6031390134529148 0.0673828125 0.08221225710014948
1 0.74560546875 0.656203288490284 0.0712890625 0.12556053811659193
1 0.88916015625 0.6554559043348281 0.0869140625 0.11808669656203288
1 0.873046875 0.594170403587444 0.041015625 0.04035874439461883
1 0.919921875 0.6128550074738416 0.044921875 0.10463378176382661
1 0.9541015625 0.6360239162929746 0.029296875 0.11808669656203288
1 0.8564453125 0.7017937219730942 0.044921875 0.14200298953662183
1 0.80712890625 0.7152466367713004 0.0517578125 0.16292974588938713
1 0.71484375 0.594170403587444 0.064453125 0.07623318385650224
1 0.302734375 0.7279521674140508 0.0703125 0.12855007473841554
1 0.19921875 0.7055306427503737 0.142578125 0.11958146487294469
1 0.33349609375 0.7219730941704036 0.1669921875 0.16741405082212257
1 0.4716796875 0.6995515695067265 0.103515625 0.16143497757847533
1 0.61962890625 0.6868460388639761 0.1181640625 0.17787742899850523
1 0.5029296875 0.5986547085201793 0.08203125 0.061285500747384154
1 0.400390625 0.5687593423019432 0.056640625 0.08221225710014948
1 0.3115234375 0.3632286995515695 0.01171875 0.014947683109118086
1 0.789267578125 0.3462929745889387 0.013466796874999964 0.01455904334828103
1 0.8140234375 0.34659192825112106 0.009902343750000098 0.01515695067264572
1 0.992724609375 0.32445440956651717 0.008320312499999982 0.01698056801195817