1 0.73681640625 0.2600896860986547 0.0126953125 0.017937219730941704
1 0.7802734375 0.3400597907324365 0.015625 0.02391629297458894
1 0.70703125 0.3654708520179372 0.0166015625 0.026905829596412557
1 0.3916015625 0.3819133034379671 0.0107421875 0.01943198804185351
1 0.490234375 0.3579970104633782 0.0146484375 0.02092675635276532
1 0.796875 0.5403587443946188 0.07421875 0.09566517189835576
1 0.75732421875 0.6023916292974589 0.08203125 0.13901345291479822
1 0.8994140625 0.5710014947683109 0.0966796875 0.13602391629297458
1 0.8779296875 0.5134529147982063 0.0439453125 0.04932735426008968
1 0.92626953125 0.5224215246636771 0.0537109375 0.11360239162929746
1 0.9619140625 0.5381165919282511 0.0400390625 0.12257100149476831
1 0.87109375 0.6240657698056801 0.0576171875 0.14947683109118087
1 0.82373046875 0.647982062780269 0.06640625 0.17189835575485798
1 0.72119140625 0.5478325859491778 0.0703125 0.08968609865470852
1 0.3251953125 0.7675635276532138 0.0810546875 0.14200298953662183
1 0.220703125 0.7675635276532138 0.15234375 0.14947683109118087
1 0.35546875 0.7556053811659192 0.1806640625 0.20179372197309417
1 0.490234375 0.703288490284006 0.1171875 0.18236173393124067
1 0.63525390625 0.6591928251121076 0.1328125 0.20179372197309417
1 0.51171875 0.5971599402092675 0.0869140625 0.07772795216741404
1 0.40771484375 0.5889387144992526 0.0634765625 0.09417040358744394
1 0.30078125 0.40508221225710017 0.0126953125 0.017937219730941704
1 0.7724609375 0.2862481315396114 0.0146484375 0.017937219730941704
1 0.796875 0.28101644245142005 0.0107421875 0.016442451420029897
1 0.97216796875 0.22122571001494767 0.009765625 0.017937219730941704