1 0.9267578125 0.13656387665198239 0.146484375 0.14977973568281938
1 0.9521484375 0.41409691629955947 0.095703125 0.1894273127753304
1 0.65234375 0.2841409691629956 0.2255859375 0.21365638766519823
1 0.28466796875 0.2356828193832599 0.1611328125 0.21585903083700442
1 0.65771484375 0.6376651982378855 0.2890625 0.539647577092511
1 0.56396484375 0.711453744493392 0.2646484375 0.5770925110132159
1 0.26025390625 0.4889867841409692 0.2802734375 0.3502202643171806
1 0.44580078125 0.7555066079295154 0.197265625 0.4889867841409692
1 0.73876953125 0.29515418502202645 0.134765625 0.21145374449339208
1 0.85791015625 0.3799559471365639 0.1162109375 0.1960352422907489
1 0.90283203125 0.751101321585903 0.1943359375 0.4977973568281938
1 0.19873046875 0.8072687224669604 0.3974609375 0.3766519823788546
1 0.47021484375 0.12334801762114538 0.1357421875 0.14537444933920704
1 0.42578125 0.1013215859030837 0.1044921875 0.13876651982378854
1 0.8505859375 0.06497797356828194 0.12109375 0.0947136563876652
1 0.7421875 0.06497797356828194 0.076171875 0.11013215859030837
1 0.81201171875 0.14537444933920704 0.0810546875 0.10352422907488987
1 0.71728515625 0.1949339207048458 0.099609375 0.12334801762114538
1 0.5908203125 0.12444933920704845 0.078125 0.11233480176211454
1 0.111328125 0.32599118942731276 0.2041015625 0.2026431718061674
1 0.09130859375 0.5980176211453745 0.1826171875 0.40308370044052866
1 0.119140625 0.21365638766519823 0.2353515625 0.19823788546255505
1 0.14599609375 0.11013215859030837 0.2060546875 0.09691629955947137
1 0.32763671875 0.1343612334801762 0.201171875 0.14096916299559473
1 0.3369140625 0.09361233480176212 0.1337890625 0.14317180616740088
1 0.51513671875 0.3458149779735683 0.314453125 0.29515418502202645