1 0.92564453125 0.11925110132158591 0.14871093749999997 0.14447136563876653
1 0.9521484375 0.3964757709251101 0.095703125 0.18502202643171806
1 0.65087890625 0.2786343612334802 0.2236328125 0.20484581497797358
1 0.28271484375 0.2444933920704846 0.1591796875 0.2092511013215859
1 0.65859375 0.6310572687224669 0.28535156250000004 0.5286343612334802
1 0.5654296875 0.710352422907489 0.2607421875 0.566079295154185
1 0.26025390625 0.4988986784140969 0.27734375 0.3392070484581498
1 0.44775390625 0.7577092511013216 0.193359375 0.48237885462555063
1 0.737255859375 0.285374449339207 0.13345703125000008 0.20674008810572692
1 0.856826171875 0.3655947136563876 0.11480468749999995 0.1909691629955947
1 0.904599609375 0.7445594713656387 0.1908007812500001 0.5083700440528633
1 0.2009765625 0.8188986784140968 0.396123046875 0.3621806167400882
1 0.467529296875 0.12403083700440529 0.13419921875000007 0.1395594713656388
1 0.422880859375 0.10420704845814978 0.10348632812500003 0.1351762114537445
1 0.847353515625 0.051541850220264314 0.12054687500000005 0.09028634361233479
1 0.738720703125 0.05568281938325991 0.07569335937499999 0.10682819383259912
1 0.8092578125 0.13297356828193832 0.08036132812499996 0.10127753303964758
1 0.714970703125 0.18640969162995594 0.09870117187499994 0.1186123348017621
1 0.5880859375 0.12083700440528634 0.07686523437500004 0.10898678414096914
1 0.11015625000000001 0.34171806167400876 0.20263671875 0.19504405286343615
1 0.090986328125 0.6137004405286344 0.18197265625 0.39493392070484573
1 0.1170703125 0.22837004405286346 0.234140625 0.18874449339207047
1 0.1431640625 0.12403083700440529 0.20522460937500003 0.0883259911894273
1 0.324716796875 0.1411453744493392 0.19977539062499994 0.13414096916299562
1 0.33388671875 0.1005726872246696 0.13242187500000002 0.13803964757709256
1 0.514013671875 0.3451321585903084 0.311982421875 0.28220264317180616