1 0.2470703125 0.9145299145299145 0.0634765625 0.08717948717948718
1 0.2841796875 0.7632478632478632 0.0390625 0.041025641025641026
1 0.3076171875 0.8085470085470086 0.0556640625 0.05641025641025641
1 0.47119140625 0.7555555555555555 0.0419921875 0.04786324786324787
1 0.77783203125 0.8760683760683761 0.1171875 0.11794871794871795
1 0.5517578125 0.8974358974358975 0.0771484375 0.08376068376068375
1 0.359375 0.9128205128205128 0.046875 0.05982905982905983
1 0.51904296875 0.7521367521367521 0.05078125 0.0547008547008547
1 0.58642578125 0.735897435897436 0.0419921875 0.05641025641025641
1 0.6298828125 0.7256410256410256 0.0361328125 0.05128205128205128
1 0.8447265625 0.6709401709401709 0.041015625 0.05128205128205128
1 0.03369140625 0.8179487179487179 0.0361328125 0.046153846153846156
1 0.048828125 0.8752136752136752 0.060546875 0.06666666666666667
1 0.1298828125 0.8452991452991453 0.0595703125 0.06495726495726496
1 0.27978515625 0.9341880341880342 0.0341796875 0.07008547008547009
1 0.3974609375 0.9145299145299145 0.0693359375 0.08034188034188035
1 0.3935546875 0.7803418803418803 0.0537109375 0.06837606837606838
1 0.427734375 0.9034188034188034 0.0654296875 0.07008547008547009
1 0.63232421875 0.8769230769230769 0.1328125 0.13846153846153847
1 0.66796875 0.8940170940170941 0.099609375 0.09572649572649573
1 0.67724609375 0.7111111111111111 0.044921875 0.042735042735042736
1 0.72998046875 0.6948717948717948 0.044921875 0.05128205128205128
1 0.77392578125 0.688034188034188 0.0390625 0.04957264957264957
1 0.7802734375 0.6692307692307692 0.0390625 0.03418803418803419