1 0.2236328125 0.8658119658119658 0.0595703125 0.07692307692307693
1 0.26953125 0.7222222222222222 0.037109375 0.03418803418803419
1 0.2900390625 0.7717948717948718 0.052734375 0.04786324786324787
1 0.4560546875 0.7487179487179487 0.0400390625 0.041025641025641026
1 0.75390625 0.9247863247863248 0.1123046875 0.09743589743589744
1 0.52783203125 0.9051282051282051 0.0732421875 0.07008547008547009
1 0.33544921875 0.8846153846153846 0.0439453125 0.05128205128205128
1 0.50390625 0.7538461538461538 0.0478515625 0.046153846153846156
1 0.57177734375 0.7504273504273504 0.0390625 0.04957264957264957
1 0.61572265625 0.7478632478632479 0.033203125 0.046153846153846156
1 0.83251953125 0.7333333333333333 0.0390625 0.044444444444444446
1 0.01708984375 0.7307692307692307 0.0341796875 0.039316239316239315
1 0.02880859375 0.7905982905982906 0.0576171875 0.05641025641025641
1 0.111328125 0.7760683760683761 0.056640625 0.0547008547008547
1 0.2548828125 0.8914529914529915 0.0302734375 0.06495726495726496
1 0.373046875 0.8931623931623932 0.0654296875 0.06837606837606838
1 0.37744140625 0.7589743589743589 0.05078125 0.05982905982905983
1 0.40380859375 0.888034188034188 0.0625 0.05811965811965812
1 0.60888671875 0.8991452991452992 0.126953125 0.11623931623931624
1 0.6435546875 0.9222222222222223 0.095703125 0.07863247863247863
1 0.66357421875 0.7427350427350428 0.04296875 0.035897435897435895
1 0.71728515625 0.735897435897436 0.04296875 0.044444444444444446
1 0.76123046875 0.7367521367521368 0.037109375 0.042735042735042736
1 0.7685546875 0.7196581196581197 0.0380859375 0.02735042735042735