1 0.71630859375 0.6649659863945578 0.1328125 0.20068027210884354
1 0.28466796875 0.6505102040816326 0.2060546875 0.3945578231292517
1 0.52005859375 0.5867346938775511 0.10026367187500007 0.12244897959183673
1 0.716796875 0.5710034013605442 0.09076171875000005 0.08960884353741506
1 0.91552734375 0.5982142857142857 0.06463867187500005 0.1453061224489797
1 0.59912109375 0.5837585034013606 0.05791992187499995 0.10103741496598634
1 0.44775390625 0.5637755102040817 0.06396484375 0.11659863945578222
1 0.9638671875 0.6964285714285714 0.0709277343750001 0.2493707482993197
1 0.6376953125 0.5663265306122449 0.04904296875000003 0.09848639455782307
1 0.865234375 0.5599489795918368 0.04281249999999992 0.09146258503401355
1 0.828125 0.5573979591836735 0.04345703125 0.08795918367346943
1 0.79541015625 0.5348639455782312 0.027226562500000107 0.04634353741496599
1 0.95947265625 0.5531462585034014 0.044921875 0.06297619047619044
1 0.499755859375 0.5255102040816326 0.03228515624999995 0.03329931972789123
1 0.89208984375 0.5352891156462585 0.03796875000000011 0.0494217687074829
1 0.677734375 0.5429421768707483 0.04061523437499992 0.0391156462585034
1 0.56787109375 0.530187074829932 0.026806640625000044 0.03574829931972786
1 0.5234375 0.530187074829932 0.03521484374999995 0.04435374149659871
1 0.85546875 0.5246598639455783 0.03738281249999997 0.03156462585034004
1 0.8926171875 0.7178571428571429 0.12715820312500004 0.1953401360544218
1 0.79953125 0.6602040816326531 0.0665332031250001 0.22096938775510194
1 0.501162109375 0.7278061224489796 0.3432421875 0.4261564625850341