1 0.7236328125 0.6318027210884354 0.142578125 0.2193877551020408
1 0.29296875 0.6828231292517006 0.224609375 0.42517006802721086
1 0.5244140625 0.5833333333333334 0.1064453125 0.1377551020408163
1 0.7197265625 0.5374149659863946 0.0947265625 0.10374149659863946
1 0.9189453125 0.5348639455782312 0.0712890625 0.15476190476190477
1 0.60302734375 0.5680272108843537 0.0625 0.10884353741496598
1 0.451171875 0.5714285714285714 0.0693359375 0.12585034013605442
1 0.96533203125 0.6241496598639455 0.0693359375 0.2585034013605442
1 0.640625 0.5450680272108843 0.0537109375 0.1054421768707483
1 0.86669921875 0.5042517006802721 0.046875 0.09693877551020408
1 0.82958984375 0.5076530612244898 0.0478515625 0.0935374149659864
1 0.7958984375 0.4897959183673469 0.029296875 0.05102040816326531
1 0.96044921875 0.48299319727891155 0.0478515625 0.06972789115646258
1 0.5009765625 0.5255102040816326 0.0341796875 0.03741496598639456
1 0.892578125 0.47534013605442177 0.0400390625 0.05442176870748299
1 0.67919921875 0.516156462585034 0.0419921875 0.04591836734693878
1 0.5693359375 0.5195578231292517 0.0283203125 0.0391156462585034
1 0.52490234375 0.5263605442176871 0.037109375 0.04931972789115646
1 0.85546875 0.47023809523809523 0.0390625 0.03741496598639456
1 0.90185546875 0.657312925170068 0.13671875 0.21428571428571427
1 0.806640625 0.6139455782312925 0.0771484375 0.22959183673469388
1 0.5126953125 0.7270408163265306 0.36328125 0.47619047619047616