1 0.296826171875 0.8706510416666666 0.09569335937500001 0.20355468749999991
1 0.5205078125 0.9055989583333334 0.12890625 0.18880208333333334
1 0.6936328125 0.8703645833333334 0.14604492187499996 0.1592968749999999
1 0.542880859375 0.7047265625 0.11277343750000002 0.047617187499999915
1 0.721611328125 0.7426692708333333 0.07646484374999996 0.07358072916666665
1 0.827685546875 0.776484375 0.14249023437500008 0.07755208333333326
1 0.826787109375 0.7177604166666667 0.08937499999999998 0.03428385416666657
1 0.549833984375 0.7953385416666667 0.131103515625 0.12734374999999995
1 0.397470703125 0.888828125 0.1271875 0.17680989583333329
1 0.31724609375 0.7480729166666666 0.07990234374999994 0.05574218749999993
1 0.36720703125 0.6763020833333333 0.04087890625000001 0.04971354166666675
1 0.429765625 0.6618229166666666 0.04708984375000003 0.034127604166666714
1 0.7072265625 0.6833072916666666 0.03765624999999995 0.04463541666666663
1 0.634521484375 0.7226171875 0.04933593749999998 0.045572916666666664
1 0.646875 0.6493359375000001 0.0401464843749999 0.03779947916666663
1 0.812578125 0.668359375 0.026328125000000036 0.029986979166666632
1 0.89876953125 0.7136328125000001 0.04973632812500006 0.04605468749999986
1 0.799267578125 0.6384375 0.07562500000000005 0.038906249999999996
1 0.47861328125 0.6389192708333333 0.03165039062499997 0.0284114583333334
1 0.592861328125 0.6579296875 0.025214843749999938 0.030156249999999957
1 0.6230078125 0.7713151041666667 0.08550781249999995 0.07548177083333336