1 0.34228515625 0.8984375 0.1181640625 0.203125
1 0.56787109375 0.89453125 0.1494140625 0.2109375
1 0.73486328125 0.8255208333333334 0.1630859375 0.1875
1 0.56640625 0.693359375 0.1171875 0.0703125
1 0.74755859375 0.693359375 0.083984375 0.08854166666666667
1 0.85595703125 0.7044270833333334 0.1494140625 0.10677083333333333
1 0.84814453125 0.6471354166666666 0.0927734375 0.052083333333333336
1 0.583984375 0.78125 0.14453125 0.15364583333333334
1 0.4443359375 0.90234375 0.146484375 0.1953125
1 0.3486328125 0.783203125 0.0859375 0.07161458333333333
1 0.3896484375 0.7018229166666666 0.0458984375 0.057291666666666664
1 0.44970703125 0.6744791666666666 0.05078125 0.04296875
1 0.72607421875 0.6380208333333334 0.0419921875 0.052083333333333336
1 0.6591796875 0.6920572916666666 0.0537109375 0.0546875
1 0.66259765625 0.6171875 0.0439453125 0.045572916666666664
1 0.82861328125 0.6009114583333334 0.029296875 0.03515625
1 0.9189453125 0.6276041666666666 0.0546875 0.055989583333333336
1 0.81201171875 0.57421875 0.0791015625 0.0546875
1 0.4951171875 0.6419270833333334 0.0341796875 0.03515625
1 0.6103515625 0.63671875 0.0283203125 0.03515625
1 0.6533203125 0.7421875 0.09375 0.09244791666666667