1 0.5146484375 0.13216145833333334 0.07421875 0.0390625
1 0.61962890625 0.1875 0.044921875 0.052083333333333336
1 0.57275390625 0.3092447916666667 0.1396484375 0.16015625
1 0.40771484375 0.1953125 0.18359375 0.09114583333333333
1 0.27783203125 0.3600260416666667 0.43359375 0.1015625
1 0.37109375 0.2799479166666667 0.2080078125 0.1015625
1 0.701171875 0.2688802083333333 0.1279296875 0.21875
1 0.86767578125 0.689453125 0.2646484375 0.62109375
1 0.61572265625 0.654296875 0.220703125 0.55078125
1 0.251953125 0.611328125 0.50390625 0.4778645833333333
1 0.17138671875 0.6588541666666666 0.3427734375 0.6796875