1 0.552734375 0.138671875 0.0771484375 0.052083333333333336
1 0.65087890625 0.212890625 0.0498046875 0.059895833333333336
1 0.591796875 0.3248697916666667 0.1552734375 0.18489583333333334
1 0.4404296875 0.18098958333333334 0.19140625 0.12369791666666667
1 0.29443359375 0.3203125 0.4404296875 0.18098958333333334
1 0.3955078125 0.2584635416666667 0.216796875 0.13932291666666666
1 0.72314453125 0.30859375 0.1494140625 0.24088541666666666
1 0.84033203125 0.7115885416666666 0.3193359375 0.5768229166666666
1 0.5986328125 0.6744791666666666 0.2763671875 0.5859375
1 0.25830078125 0.564453125 0.5166015625 0.56640625
1 0.181640625 0.5963541666666666 0.36328125 0.7369791666666666