1 0.163349609375 0.44696614583333333 0.12062499999999998 0.17027343749999999
1 0.87841796875 0.5245703125 0.2431640625 0.19010416666666666
1 0.47412109375 0.834921875 0.37726562499999994 0.30070312500000007
1 0.74755859375 0.7903645833333334 0.46826171875 0.4088541666666667
1 0.2158203125 0.73046875 0.19775390625 0.4479166666666667
1 0.3486328125 0.6103515625 0.233037109375 0.3139713541666668
1 0.05064453125 0.4586588541666667 0.1012890625 0.22217447916666666
1 0.281005859375 0.408203125 0.097412109375 0.1330598958333334
1 0.2666015625 0.3310546875 0.11102539062500005 0.08358072916666674
1 0.69580078125 0.5227864583333334 0.279541015625 0.14054687500000007
1 0.69140625 0.4189453125 0.1815234375000001 0.0954557291666666
1 0.394775390625 0.4739583333333333 0.2216796875 0.16251302083333327
1 0.5810546875 0.3909505208333333 0.1571093750000001 0.14778645833333334
1 0.380859375 0.3483072916666667 0.11797851562499995 0.08513020833333333
1 0.5322265625 0.3610026041666667 0.0709277343750001 0.09578124999999993