1 0.16943359375 0.400390625 0.1337890625 0.18619791666666666
1 0.873046875 0.5774739583333334 0.25390625 0.22265625
1 0.4482421875 0.8268229166666666 0.3984375 0.3463541666666667
1 0.7236328125 0.7936197916666666 0.498046875 0.4127604166666667
1 0.19921875 0.689453125 0.2314453125 0.47265625
1 0.3408203125 0.5885416666666666 0.2568359375 0.3450520833333333
1 0.0576171875 0.396484375 0.115234375 0.23567708333333334
1 0.28955078125 0.3782552083333333 0.107421875 0.14583333333333334
1 0.28125 0.2994791666666667 0.1171875 0.09895833333333333
1 0.69287109375 0.5501302083333334 0.2890625 0.17838541666666666
1 0.69677734375 0.4459635416666667 0.1884765625 0.11979166666666667
1 0.3974609375 0.4596354166666667 0.2333984375 0.19270833333333334
1 0.58935546875 0.4029947916666667 0.16796875 0.16927083333333334
1 0.3935546875 0.3326822916666667 0.1240234375 0.1015625
1 0.54296875 0.3665364583333333 0.078125 0.10546875