1 0.146484375 0.8212890625 0.2216796875 0.169921875
1 0.8603515625 0.72998046875 0.08984375 0.06640625
1 0.7705078125 0.7470703125 0.06640625 0.087890625
1 0.05712890625 0.72412109375 0.0703125 0.0576171875
1 0.16552734375 0.69775390625 0.041015625 0.0419921875
1 0.19677734375 0.71875 0.0654296875 0.0439453125
1 0.1884765625 0.68505859375 0.044921875 0.0361328125
1 0.3544921875 0.70703125 0.052734375 0.0234375
1 0.37646484375 0.6845703125 0.0439453125 0.021484375
1 0.3837890625 0.65771484375 0.0419921875 0.015625
1 0.4140625 0.6669921875 0.025390625 0.025390625