1 0.5322265625 0.3739067055393586 0.107421875 0.18950437317784258
1 0.08837890625 0.7645772594752187 0.1767578125 0.4708454810495627
1 0.65283203125 0.14941690962099125 0.306640625 0.26822157434402333
1 0.7353515625 0.3177842565597668 0.296875 0.3746355685131195
1 0.8896484375 0.282798833819242 0.220703125 0.5481049562682215
1 0.6943359375 0.6107871720116618 0.4521484375 0.2944606413994169
1 0.86962890625 0.7769679300291545 0.25 0.34110787172011664
1 0.63623046875 0.8819241982507289 0.251953125 0.22011661807580174
1 0.4912109375 0.4839650145772595 0.140625 0.19970845481049562
1 0.40283203125 0.5728862973760933 0.12109375 0.1836734693877551
1 0.2763671875 0.5204081632653061 0.1708984375 0.18221574344023322
1 0.29296875 0.6392128279883382 0.1318359375 0.23615160349854228
1 0.42529296875 0.30247813411078717 0.146484375 0.3206997084548105
1 0.283203125 0.2886297376093295 0.2236328125 0.32798833819241985