1 0.54345703125 0.3819241982507289 0.091796875 0.17201166180758018
1 0.0654296875 0.7048104956268222 0.130859375 0.5058309037900874
1 0.68408203125 0.18440233236151604 0.2900390625 0.2099125364431487
1 0.75 0.3688046647230321 0.26953125 0.32215743440233235
1 0.9091796875 0.3673469387755102 0.181640625 0.5160349854227405
1 0.68212890625 0.6501457725947521 0.4375 0.2055393586005831
1 0.84033203125 0.8513119533527697 0.224609375 0.29737609329446063
1 0.59912109375 0.9067055393586005 0.23828125 0.17201166180758018
1 0.49267578125 0.48250728862973763 0.1259765625 0.1749271137026239
1 0.39697265625 0.5517492711370262 0.1064453125 0.16326530612244897
1 0.27685546875 0.4737609329446064 0.158203125 0.15014577259475217
1 0.2822265625 0.5947521865889213 0.11328125 0.21428571428571427
1 0.4443359375 0.2886297376093295 0.1201171875 0.2988338192419825
1 0.30517578125 0.2456268221574344 0.1982421875 0.29008746355685133