1 0.944990234375 0.10515625 0.04916992187499991 0.08265624999999999
1 0.495166015625 0.6423958333333334 0.15875000000000006 0.38914062499999985
1 0.695009765625 0.5160286458333333 0.1966601562500001 0.35236979166666665
1 0.427734375 0.3912760416666667 0.2255859375 0.20963541666666666
1 0.962587890625 0.187421875 0.0748242187499999 0.0798697916666667
1 0.49750976562500004 0.15998697916666668 0.07424804687499997 0.06684895833333337
1 0.46462890625 0.21395833333333333 0.06842773437499994 0.07220052083333332
1 0.35890625 0.17930989583333334 0.08600585937499994 0.0709114583333333
1 0.354541015625 0.14885416666666665 0.06117187499999999 0.049348958333333304
1 0.30271484375 0.136328125 0.0537109375 0.04756510416666667
1 0.2526171875 0.17091145833333332 0.05772460937500001 0.06485677083333334
1 0.107275390625 0.21365885416666666 0.06498046875000002 0.11694010416666667
1 0.0444921875 0.20555989583333334 0.06595703125000002 0.07450520833333336