1 0.93994140625 0.09505208333333333 0.0498046875 0.08333333333333333
1 0.4970703125 0.642578125 0.1640625 0.3932291666666667
1 0.6953125 0.51171875 0.201171875 0.3567708333333333
1 0.42626953125 0.3932291666666667 0.228515625 0.21484375
1 0.95849609375 0.17643229166666666 0.076171875 0.08203125
1 0.4931640625 0.16015625 0.0751953125 0.06901041666666667
1 0.4609375 0.21484375 0.0693359375 0.07421875
1 0.3544921875 0.18294270833333334 0.0869140625 0.07291666666666667
1 0.35009765625 0.15234375 0.0615234375 0.05078125
1 0.2978515625 0.14127604166666666 0.0546875 0.048177083333333336
1 0.24853515625 0.17643229166666666 0.05859375 0.06640625
1 0.103515625 0.22265625 0.06640625 0.11848958333333333
1 0.04052734375 0.21614583333333334 0.0673828125 0.07552083333333333