1 0.11104492187499998 0.928199121522694 0.072265625 0.10688140556368961
1 0.1748046875 0.9407027818448024 0.078125 0.11859443631039532
1 0.24887695312500002 0.9352122986822841 0.0771484375 0.11566617862371889
1 0.270087890625 0.9069985358711566 0.129755859375 0.10831625183016108
1 0.334443359375 0.9053879941434846 0.11178710937500003 0.1330161054172766
1 0.40091796875 0.9222108345534407 0.06640625 0.12884333821376281
1 0.505576171875 0.9463836017569546 0.111328125 0.10248901903367497
1 0.776484375 0.868887262079063 0.0888671875 0.08762811127379196
1 0.63359375 0.9372913616398243 0.0673828125 0.12298682284040996
1 0.7783203125 0.9260614934114202 0.068359375 0.11566617862371889
1 0.8985546875 0.8638945827232796 0.136962890625 0.14837481698389446
1 0.82611328125 0.9255051244509517 0.07844726562499993 0.12355783308931201
1 0.6783203125 0.9317423133235725 0.06973632812500008 0.11584187408491965
1 0.59095703125 0.9284773060029282 0.0614160156250001 0.10573938506588584
1 0.53529296875 0.928770131771596 0.07052734375000003 0.08732064421669121