1 0.1162109375 0.9385065885797951 0.0732421875 0.10834553440702782
1 0.18017578125 0.9443631039531479 0.0791015625 0.11127379209370425
1 0.25390625 0.9414348462664714 0.078125 0.1171303074670571
1 0.27490234375 0.9128843338213762 0.130859375 0.11127379209370425
1 0.33935546875 0.9099560761346999 0.11328125 0.13616398243045388
1 0.40576171875 0.924597364568082 0.068359375 0.13030746705710103
1 0.5107421875 0.9458272327964861 0.1123046875 0.1054172767203514
1 0.78076171875 0.8616398243045388 0.08984375 0.08931185944363104
1 0.638671875 0.9333821376281113 0.068359375 0.12445095168374817
1 0.783203125 0.9187408491947291 0.0693359375 0.1171303074670571
1 0.90283203125 0.8535871156661786 0.138671875 0.15226939970717424
1 0.8310546875 0.9165446559297218 0.080078125 0.1259150805270864
1 0.68310546875 0.9267935578330894 0.0712890625 0.1171303074670571
1 0.595703125 0.9260614934114202 0.0625 0.10688140556368961
1 0.5400390625 0.9275256222547584 0.0712890625 0.08931185944363104