1 0.02880859375 0.736878453038674 0.0576171875 0.09530386740331492
1 0.03271484375 0.6961325966850829 0.0654296875 0.08839779005524862
1 0.10791015625 0.7285911602209945 0.13671875 0.08287292817679558
1 0.1142578125 0.763121546961326 0.0966796875 0.09944751381215469
1 0.1591796875 0.6747237569060773 0.0888671875 0.05662983425414365
1 0.1923828125 0.7520718232044199 0.1396484375 0.11464088397790055
1 0.24951171875 0.7209944751381215 0.1162109375 0.0925414364640884
1 0.28515625 0.6988950276243094 0.080078125 0.08701657458563536
1 0.33740234375 0.7520718232044199 0.0751953125 0.10773480662983426
1 0.34423828125 0.6982044198895028 0.0712890625 0.07044198895027624
1 0.40625 0.7997237569060773 0.1201171875 0.06906077348066299
1 0.39892578125 0.6961325966850829 0.087890625 0.06767955801104972
1 0.40869140625 0.7279005524861878 0.072265625 0.06767955801104972
1 0.4248046875 0.7638121546961326 0.087890625 0.062154696132596686
1 0.42578125 0.8487569060773481 0.083984375 0.10082872928176796
1 0.4736328125 0.6837016574585635 0.0673828125 0.049723756906077346
1 0.47607421875 0.7251381215469613 0.0703125 0.04834254143646409
1 0.517578125 0.7997237569060773 0.10546875 0.10773480662983426
1 0.53955078125 0.7016574585635359 0.07421875 0.07734806629834254
1 0.55078125 0.7375690607734806 0.068359375 0.04005524861878453
1 0.56640625 0.7900552486187845 0.0927734375 0.08149171270718232
1 0.5830078125 0.694060773480663 0.07421875 0.06353591160220995
1 0.6201171875 0.7569060773480663 0.0703125 0.10359116022099447
1 0.6201171875 0.8570441988950276 0.0703125 0.08839779005524862
1 0.64501953125 0.7161602209944752 0.08984375 0.062154696132596686
1 0.6787109375 0.7638121546961326 0.080078125 0.0649171270718232
1 0.68017578125 0.7120165745856354 0.0771484375 0.08839779005524862
1 0.7158203125 0.8411602209944752 0.1259765625 0.09944751381215469
1 0.69921875 0.888121546961326 0.0908203125 0.11464088397790055
1 0.77197265625 0.8045580110497238 0.1064453125 0.11878453038674033
1 0.84814453125 0.8459944751381215 0.076171875 0.09530386740331492
1 0.9091796875 0.8480662983425414 0.083984375 0.10220994475138122