1 0.056640625 0.8273480662983426 0.06640625 0.106353591160221
1 0.056640625 0.7859116022099447 0.0732421875 0.10082872928176796
1 0.13427734375 0.8038674033149171 0.1435546875 0.10911602209944751
1 0.14404296875 0.8363259668508287 0.10546875 0.11740331491712708
1 0.1796875 0.7403314917127072 0.09375 0.07320441988950276
1 0.22021484375 0.8100828729281768 0.1494140625 0.1408839779005525
1 0.27392578125 0.7679558011049724 0.1240234375 0.11464088397790055
1 0.306640625 0.738950276243094 0.087890625 0.10220994475138122
1 0.36376953125 0.7817679558011049 0.0849609375 0.12154696132596685
1 0.365234375 0.7272099447513812 0.0771484375 0.08425414364640885
1 0.4365234375 0.8149171270718232 0.1259765625 0.0925414364640884
1 0.41943359375 0.7140883977900553 0.09375 0.08425414364640885
1 0.43212890625 0.7437845303867403 0.078125 0.08149171270718232
1 0.45166015625 0.7762430939226519 0.0927734375 0.0787292817679558
1 0.4609375 0.8598066298342542 0.0927734375 0.11602209944751381
1 0.4921875 0.6871546961325967 0.0712890625 0.062154696132596686
1 0.49853515625 0.7279005524861878 0.07421875 0.062154696132596686
1 0.546875 0.7935082872928176 0.115234375 0.1270718232044199
1 0.55908203125 0.6919889502762431 0.0810546875 0.09116022099447514
1 0.57373046875 0.7251381215469613 0.0712890625 0.052486187845303865
1 0.59423828125 0.774171270718232 0.099609375 0.09944751381215469
1 0.60107421875 0.6761049723756906 0.080078125 0.07734806629834254
1 0.64404296875 0.7306629834254144 0.080078125 0.11602209944751381
1 0.654296875 0.830110497237569 0.078125 0.10082872928176796
1 0.6650390625 0.6857734806629834 0.0947265625 0.0787292817679558
1 0.703125 0.725828729281768 0.0859375 0.08011049723756906
1 0.69921875 0.6747237569060773 0.0849609375 0.10220994475138122
1 0.7470703125 0.7955801104972375 0.134765625 0.12292817679558012
1 0.7353515625 0.8453038674033149 0.1015625 0.13121546961325967
1 0.79931640625 0.7479281767955801 0.1171875 0.13812154696132597
1 0.87890625 0.774171270718232 0.0849609375 0.10911602209944751
1 0.939453125 0.7638121546961326 0.0927734375 0.11740331491712708