1 0.34619140625 0.6933962264150944 0.193359375 0.16792452830188678
1 0.54638671875 0.2169811320754717 0.0283203125 0.045283018867924525
1 0.58837890625 0.22924528301886793 0.02734375 0.045283018867924525
1 0.716796875 0.8188679245283019 0.18359375 0.27547169811320754
1 0.66015625 0.4650943396226415 0.0400390625 0.06981132075471698
1 0.6748046875 0.7113207547169811 0.06640625 0.05660377358490566
1 0.71435546875 0.33490566037735847 0.041015625 0.052830188679245285
1 0.7255859375 0.6245283018867924 0.0498046875 0.14150943396226415
1 0.732421875 0.38018867924528305 0.0390625 0.04905660377358491
1 0.78369140625 0.7150943396226415 0.1123046875 0.18679245283018867
1 0.7705078125 0.37830188679245286 0.0322265625 0.04905660377358491
1 0.79736328125 0.46226415094339623 0.0830078125 0.10943396226415095
1 0.8642578125 0.7518867924528302 0.056640625 0.12264150943396226
1 0.415185546875 0.2618490566037736 0.042519531249999964 0.07060377358490569
1 0.440205078125 0.2397735849056604 0.03369140625 0.056018867924528294
1 0.459287109375 0.25579245283018864 0.03281250000000002 0.071377358490566
1 0.499560546875 0.26232075471698113 0.04645507812500005 0.060188679245282976
1 0.51751953125 0.2846037735849057 0.043906250000000036 0.07439622641509436