1 0.34130859375 0.6773584905660377 0.197265625 0.18679245283018867
1 0.55419921875 0.22169811320754718 0.029296875 0.04716981132075472
1 0.595703125 0.23867924528301887 0.0283203125 0.04716981132075472
1 0.7080078125 0.840566037735849 0.1904296875 0.2943396226415094
1 0.66064453125 0.4811320754716981 0.0419921875 0.07358490566037736
1 0.6689453125 0.7283018867924528 0.0673828125 0.06415094339622641
1 0.71875 0.35660377358490564 0.0419921875 0.05660377358490566
1 0.7216796875 0.6471698113207547 0.0537109375 0.1471698113207547
1 0.7353515625 0.4037735849056604 0.0400390625 0.052830188679245285
1 0.77734375 0.7433962264150943 0.1171875 0.19811320754716982
1 0.7734375 0.4056603773584906 0.033203125 0.052830188679245285
1 0.7978515625 0.49245283018867925 0.0859375 0.1169811320754717
1 0.85693359375 0.7886792452830189 0.0595703125 0.12830188679245283
1 0.421875 0.2537735849056604 0.0439453125 0.07547169811320754
1 0.447265625 0.2339622641509434 0.03515625 0.05849056603773585
1 0.4658203125 0.2518867924528302 0.03515625 0.07547169811320754
1 0.505859375 0.2622641509433962 0.0478515625 0.06415094339622641
1 0.5234375 0.28679245283018867 0.0458984375 0.07924528301886792