1 0.193359375 0.5805270863836017 0.2099609375 0.26061493411420206
1 0.1376953125 0.21961932650073207 0.037109375 0.06588579795021962
1 0.18310546875 0.2445095168374817 0.0703125 0.08199121522693997
1 0.3056640625 0.232796486090776 0.0673828125 0.04978038067349927
1 0.419921875 0.22986822840409957 0.056640625 0.040995607613469986
1 0.55078125 0.6961932650073206 0.267578125 0.5563689604685212
1 0.5537109375 0.30453879941434847 0.099609375 0.1376281112737921
1 0.654296875 0.10980966325036604 0.0419921875 0.048316251830161056
1 0.849609375 0.09882869692532943 0.0419921875 0.04538799414348463
1 0.95166015625 0.15153733528550511 0.0556640625 0.08052708638360176
1 0.5537109375 0.5937042459736457 0.2744140625 0.3103953147877013
1 0.52783203125 0.1383601756954612 0.041015625 0.04538799414348463