1 0.189453125 0.5322108345534406 0.1953125 0.23133235724743778
1 0.15943359375 0.1641727672035139 0.03274414062499997 0.06040995607613469
1 0.20263671875 0.19619326500732065 0.0654296875 0.07174231332357248
1 0.3252734375 0.20389458272327962 0.06459960937499998 0.04029282576866761
1 0.43896484375 0.21888726207906295 0.0546875 0.032210834553440704
1 0.5367578125 0.7027964860907759 0.23269531249999997 0.5222840409956077
1 0.56697265625 0.31389458272327964 0.09098632812500007 0.12411420204978035
1 0.680849609375 0.13588579795021963 0.0396875000000001 0.04266471449487553
1 0.875498046875 0.1555783308931186 0.03908203124999998 0.03882869692532944
1 0.9736328125 0.2240117130307467 0.05078125 0.07320644216691069
1 0.547080078125 0.6016398243045388 0.25701171875000006 0.2718887262079062
1 0.55265625 0.14471449487554905 0.03855468750000002 0.039326500732064444