1 0.17578125 0.5402777777777777 0.1396484375 0.10277777777777777
1 0.33837890625 0.5055555555555555 0.0830078125 0.10277777777777777
1 0.37841796875 0.4354166666666667 0.0732421875 0.0625
1 0.44287109375 0.5097222222222222 0.064453125 0.12222222222222222
1 0.447265625 0.43125 0.0732421875 0.05277777777777778
1 0.5048828125 0.49166666666666664 0.1015625 0.07777777777777778
1 0.50390625 0.4263888888888889 0.072265625 0.04861111111111111
1 0.55322265625 0.3923611111111111 0.0615234375 0.043055555555555555
1 0.6435546875 0.4354166666666667 0.16796875 0.11527777777777778
1 0.74462890625 0.43680555555555556 0.037109375 0.04861111111111111
1 0.7509765625 0.47847222222222224 0.0322265625 0.03888888888888889
1 0.89453125 0.4270833333333333 0.208984375 0.10972222222222222