1 0.1748046875 0.4756944444444444 0.1484375 0.12916666666666668
1 0.33935546875 0.4736111111111111 0.091796875 0.11805555555555555
1 0.3857421875 0.41180555555555554 0.0791015625 0.0763888888888889
1 0.4423828125 0.4986111111111111 0.076171875 0.13333333333333333
1 0.45458984375 0.4215277777777778 0.078125 0.06666666666666667
1 0.505859375 0.4930555555555556 0.1083984375 0.09722222222222222
1 0.51123046875 0.42777777777777776 0.076171875 0.0625
1 0.5634765625 0.4041666666666667 0.0654296875 0.05416666666666667
1 0.6484375 0.46458333333333335 0.177734375 0.14722222222222223
1 0.74853515625 0.4861111111111111 0.0419921875 0.05555555555555555
1 0.75048828125 0.5284722222222222 0.0361328125 0.044444444444444446
1 0.89453125 0.5055555555555555 0.2109375 0.15