1 0.76513671875 0.48986975397973953 0.1064453125 0.20839363241678727
1 0.95361328125 0.7192474674384949 0.0927734375 0.3748191027496382
1 0.2197265625 0.5173661360347322 0.263671875 0.6497829232995659
1 0.38623046875 0.5535455861070911 0.16796875 0.5426917510853835
1 0.80615234375 0.6975397973950795 0.2451171875 0.4283646888567294
1 0.1328125 0.5369030390738061 0.1416015625 0.4833574529667149
1 0.5 0.6331403762662807 0.20703125 0.4934876989869754
1 0.64599609375 0.6287988422575976 0.267578125 0.42547033285094066
1 0.94970703125 0.5173661360347322 0.1005859375 0.16208393632416787
1 0.267578125 0.36468885672937773 0.10546875 0.1548480463096961
1 0.60595703125 0.5 0.1123046875 0.15050651230101303
1 0.6904296875 0.48842257597684513 0.1171875 0.1548480463096961
1 0.84814453125 0.5224312590448625 0.087890625 0.11432706222865413
1 0.76123046875 0.4732272069464544 0.1416015625 0.16931982633863965
1 0.53759765625 0.6319971056439941 0.12109375 0.4405499276410998
1 0.89697265625 0.5267727930535456 0.095703125 0.11432706222865413
1 0.41587890625 0.5428654124457308 0.11647460937499998 0.5256729377713459
1 0.4814453125 0.44862518089725034 0.109375 0.16353111432706222