1 0.76513671875 0.5101302460202605 0.11328125 0.2170767004341534
1 0.9453125 0.7539797395079595 0.10546875 0.38205499276411
1 0.2197265625 0.4956584659913169 0.2861328125 0.6700434153400868
1 0.38427734375 0.5448625180897251 0.1865234375 0.5542691751085383
1 0.798828125 0.7206946454413893 0.259765625 0.447178002894356
1 0.1318359375 0.5086830680173662 0.158203125 0.4934876989869754
1 0.4951171875 0.6331403762662807 0.224609375 0.5094066570188133
1 0.64111328125 0.6396526772793053 0.2822265625 0.44573082489146165
1 0.947265625 0.5520984081041969 0.10546875 0.16931982633863965
1 0.2724609375 0.3465991316931983 0.1103515625 0.16353111432706222
1 0.60595703125 0.507959479015919 0.1171875 0.15918958031837915
1 0.6904296875 0.5028943560057887 0.1220703125 0.16353111432706222
1 0.8466796875 0.5492040520984081 0.091796875 0.12156295224312591
1 0.76171875 0.4934876989869754 0.1474609375 0.17945007235890015
1 0.53271484375 0.6345875542691751 0.13671875 0.44862518089725034
1 0.8955078125 0.557163531114327 0.099609375 0.12156295224312591
1 0.41455078125 0.5361794500723589 0.134765625 0.5340086830680174
1 0.4833984375 0.447178002894356 0.115234375 0.17221418234442837