1 0.36083984375 0.4856770833333333 0.103515625 0.07942708333333333
1 0.413349609375 0.5489973958333333 0.0888671875 0.0703125
1 0.65228515625 0.492109375 0.1080468750000001 0.08687500000000004
1 0.787529296875 0.519453125 0.08790039062499999 0.09984374999999994
1 0.876337890625 0.5361458333333333 0.10832031250000007 0.09803385416666661
1 0.1982421875 0.5686848958333334 0.093505859375 0.11149739583333333
1 0.9140625 0.4697265625 0.10015624999999995 0.06990885416666674
1 0.111630859375 0.6087239583333334 0.09705078125 0.13786458333333348
1 0.759765625 0.4300130208333333 0.05194335937500005 0.06539062500000004
1 0.45166015625 0.4280598958333333 0.06198242187500003 0.045742187499999996
1 0.033662109375 0.5911458333333334 0.06634765625 0.1145052083333334
1 0.53515625 0.4111328125 0.04822265625000011 0.05244791666666663
1 0.373046875 0.4261067708333333 0.050419921874999996 0.04875000000000007
1 0.59912109375 0.4182942708333333 0.04443359375 0.05127604166666666
1 0.962890625 0.5322265625 0.06597656249999995 0.06335937499999995
1 0.66455078125 0.4309895833333333 0.05233398437499992 0.04113281250000004
1 0.6923828125 0.3974609375 0.04931640625 0.031822916666666735
1 0.533203125 0.3815104166666667 0.04904296875000003 0.030052083333333385
1 0.47802734375 0.4130859375 0.032353515624999996 0.022812499999999975
1 0.48095703125 0.388671875 0.027802734375000027 0.02988281250000006
1 0.71728515625 0.4140625 0.04986328124999995 0.029947916666666668
1 0.421875 0.392578125 0.04977539062500003 0.03363281250000005
1 0.681640625 0.4684244791666667 0.05166992187500008 0.03820312500000004
1 0.459716796875 0.4977213541666667 0.04839843749999995 0.03369791666666666
1 0.35400390625 0.4134114583333333 0.03970703124999997 0.05070312500000007
1 0.39794921875 0.3795572916666667 0.03326171874999995 0.036575520833333375
1 0.081357421875 0.5703125 0.057499999999999996 0.07255208333333336
1 0.11181640625 0.5419921875 0.085390625 0.033242187499999964