1 0.36083984375 0.482421875 0.1044921875 0.08203125
1 0.41259765625 0.546875 0.08984375 0.07291666666666667
1 0.65234375 0.4954427083333333 0.109375 0.08984375
1 0.787109375 0.5260416666666666 0.0888671875 0.1015625
1 0.8759765625 0.544921875 0.109375 0.10026041666666667
1 0.197265625 0.5618489583333334 0.0947265625 0.11328125
1 0.91455078125 0.4791666666666667 0.1005859375 0.07161458333333333
1 0.1103515625 0.599609375 0.0986328125 0.140625
1 0.7607421875 0.4361979166666667 0.052734375 0.06640625
1 0.45263671875 0.4270833333333333 0.0625 0.046875
1 0.033203125 0.580078125 0.06640625 0.11588541666666667
1 0.5361328125 0.412109375 0.048828125 0.053385416666666664
1 0.3740234375 0.4231770833333333 0.05078125 0.049479166666666664
1 0.60009765625 0.4205729166666667 0.044921875 0.052083333333333336
1 0.96240234375 0.54296875 0.06640625 0.06510416666666667
1 0.66552734375 0.4348958333333333 0.052734375 0.04296875
1 0.69384765625 0.4016927083333333 0.0498046875 0.032552083333333336
1 0.53466796875 0.3821614583333333 0.0498046875 0.03125
1 0.47900390625 0.4127604166666667 0.0322265625 0.0234375
1 0.482421875 0.3880208333333333 0.0283203125 0.029947916666666668
1 0.71826171875 0.4192708333333333 0.0498046875 0.03125
1 0.42333984375 0.390625 0.0498046875 0.03515625
1 0.68212890625 0.47265625 0.0517578125 0.0390625
1 0.4599609375 0.4967447916666667 0.048828125 0.03515625
1 0.35498046875 0.41015625 0.0400390625 0.052083333333333336
1 0.3994140625 0.376953125 0.0341796875 0.037760416666666664
1 0.08056640625 0.560546875 0.05859375 0.07421875
1 0.111328125 0.533203125 0.0859375 0.03515625