1 0.40205729166666665 0.673896484375 0.5948567708333332 0.3626757812499999
1 0.5574479166666667 0.6496484375 0.5098046875 0.3883984375
1 0.8283593749999999 0.539638671875 0.34328125000000015 0.28948242187500006
1 0.8908593749999999 0.481552734375 0.21828125000000012 0.22016601562500004
1 0.7226041666666667 0.551845703125 0.41824218750000003 0.27483398437500006
1 0.31588541666666664 0.632080078125 0.25062499999999993 0.325908203125
1 0.11229166666666668 0.56279296875 0.21906250000000002 0.27750976562500007
1 0.37139322916666667 0.446767578125 0.2788411458333333 0.08382812500000003
1 0.46231770833333335 0.438603515625 0.14454427083333332 0.06749023437500001
1 0.3642578125 0.403466796875 0.20990885416666671 0.05606445312499997
1 0.3636588541666667 0.4184765625 0.12789062500000004 0.06466796875000003
1 0.16457031249999998 0.43875 0.16945312499999998 0.07313476562499999
1 0.037760416666666664 0.40185546875 0.07552083333333333 0.0556640625