1 0.40625 0.67529296875 0.6028645833333334 0.3701171875
1 0.5611979166666666 0.64892578125 0.5182291666666666 0.39453125
1 0.8268229166666666 0.53466796875 0.3463541666666667 0.2939453125
1 0.8893229166666666 0.4765625 0.22135416666666666 0.22265625
1 0.7239583333333334 0.548828125 0.4244791666666667 0.2802734375
1 0.3190104166666667 0.63427734375 0.2578125 0.3291015625
1 0.11393229166666667 0.56787109375 0.22526041666666666 0.2802734375
1 0.3704427083333333 0.4482421875 0.28125 0.087890625
1 0.4609375 0.43896484375 0.14583333333333334 0.0693359375
1 0.3619791666666667 0.4052734375 0.2109375 0.05859375
1 0.3619791666666667 0.42041015625 0.12890625 0.06640625
1 0.16341145833333334 0.443359375 0.17057291666666666 0.0751953125
1 0.037109375 0.4072265625 0.07421875 0.056640625