1 0.31005859375 0.8460410557184751 0.080078125 0.10557184750733138
1 0.3486328125 0.7448680351906158 0.0263671875 0.03225806451612903
1 0.5146484375 0.7551319648093842 0.0341796875 0.05278592375366569
1 0.4443359375 0.8541055718475073 0.0712890625 0.10703812316715543
1 0.21044921875 0.8101173020527859 0.068359375 0.09530791788856305
1 0.27490234375 0.783724340175953 0.0341796875 0.06304985337243402
1 0.52685546875 0.8453079178885631 0.056640625 0.10263929618768329
1 0.138671875 0.7551319648093842 0.0419921875 0.06158357771260997
1 0.41455078125 0.7771260997067448 0.029296875 0.0689149560117302
1 0.60498046875 0.8291788856304986 0.0771484375 0.10557184750733138
1 0.564453125 0.7478005865102639 0.033203125 0.04985337243401759
1 0.10107421875 0.7793255131964809 0.06640625 0.0747800586510264
1 0.43701171875 0.7895894428152492 0.041015625 0.054252199413489736
1 0.17919921875 0.7631964809384164 0.0400390625 0.06744868035190615
1 0.8115234375 0.8108504398826979 0.0625 0.07331378299120235
1 0.05615234375 0.7551319648093842 0.0400390625 0.06744868035190615
1 0.76611328125 0.8130498533724341 0.0556640625 0.0747800586510264
1 0.443359375 0.7617302052785924 0.037109375 0.04985337243401759
1 0.7021484375 0.7932551319648093 0.05078125 0.06598240469208211
1 0.20166015625 0.7375366568914956 0.0390625 0.03519061583577713
1 0.466796875 0.7529325513196481 0.0458984375 0.05865102639296188
1 0.65087890625 0.8262463343108505 0.072265625 0.09090909090909091
1 0.033203125 0.7910557184750733 0.0517578125 0.08211143695014662
1 0.6484375 0.7434017595307918 0.0380859375 0.04398826979472141
1 0.0126953125 0.7734604105571847 0.025390625 0.0747800586510264
1 0.8994140625 0.8233137829912024 0.064453125 0.07331378299120235
1 0.947265625 0.8086510263929618 0.060546875 0.07331378299120235
1 0.73095703125 0.7463343108504399 0.0205078125 0.030791788856304986
1 0.6025390625 0.7573313782991202 0.0380859375 0.04985337243401759
1 0.79541015625 0.7668621700879765 0.0322265625 0.03519061583577713
1 0.68359375 0.7478005865102639 0.0205078125 0.04105571847507331
1 0.8740234375 0.8071847507331378 0.046875 0.06598240469208211
1 0.017578125 0.8526392961876833 0.03515625 0.10703812316715543
1 0.609375 0.7419354838709677 0.0283203125 0.02785923753665689