1 0.322265625 0.8607038123167156 0.0771484375 0.09970674486803519
1 0.357421875 0.7565982404692082 0.025390625 0.030791788856304986
1 0.5234375 0.7536656891495601 0.03216796875000005 0.050997067448680315
1 0.45654296875 0.8577712609970675 0.06830078125000005 0.10199413489736063
1 0.2215625 0.8321114369501467 0.06573242187499995 0.09004398826979484
1 0.28515625 0.8013196480938416 0.03252929687499995 0.06130498533724332
1 0.5390625 0.842375366568915 0.05331054687499992 0.09869501466275651
1 0.14794921875 0.782991202346041 0.039794921875 0.058841642228739166
1 0.424560546875 0.783724340175953 0.026503906249999987 0.06721407624633419
1 0.6162109375 0.8203812316715543 0.073974609375 0.09942815249266854
1 0.5732421875 0.7426686217008798 0.03167968750000005 0.0469208211143695
1 0.111455078125 0.8101173020527859 0.06451171875 0.07042521994134894
1 0.447021484375 0.7939882697947214 0.03933593749999997 0.05082111436950159
1 0.18896484375 0.7881231671554252 0.0375390625 0.06438416422287402
1 0.82177734375 0.7859237536656891 0.06042968750000011 0.06910557184750749
1 0.065732421875 0.7895894428152492 0.03802734375 0.06524926686217009
1 0.77685546875 0.7917888563049853 0.0537109375 0.07070381231671559
1 0.45263671875 0.7661290322580645 0.03573242187500003 0.046759530791789
1 0.7119140625 0.7771260997067448 0.04822265625000011 0.06281524926686205
1 0.210576171875 0.7609970674486803 0.03781250000000003 0.031715542521994294
1 0.4755859375 0.7551319648093842 0.04434570312499997 0.05530791788856309
1 0.662109375 0.8137829912023461 0.06890624999999995 0.08536656891495605
1 0.04400390625 0.8269794721407625 0.048857421875 0.07826979472140778
1 0.65673828125 0.7313049853372434 0.03643554687499995 0.040557184750733256
1 0.017509765625 0.8123167155425219 0.03501953125 0.0728152492668623
1 0.91015625 0.7917888563049853 0.06255859374999995 0.06859237536656887
1 0.95751953125 0.7727272727272727 0.05801757812500008 0.06936950146627557
1 0.7392578125 0.7276392961876833 0.01919921875000008 0.02892961876832847
1 0.611328125 0.748900293255132 0.03656250000000005 0.046480938416422354
1 0.80419921875 0.7430351906158358 0.03091796875000008 0.032507331378299226
1 0.69189453125 0.7331378299120235 0.019013671875000027 0.039266862170087936
1 0.88427734375 0.7771260997067448 0.04500976562499992 0.06272727272727269
1 0.02330078125 0.8914956011730205 0.0466015625 0.10291788856304994
1 0.61767578125 0.7331378299120235 0.027480468750000098 0.02609970674486797