1 0.42529296875 0.5976505139500734 0.1689453125 0.24963289280469897
1 0.58251953125 0.6064610866372981 0.1240234375 0.2173274596182085
1 0.59228515625 0.2841409691629956 0.1318359375 0.11013215859030837
1 0.39111328125 0.2393538913362702 0.07421875 0.08370044052863436
1 0.45751953125 0.15198237885462554 0.07421875 0.06754772393538913
1 0.58935546875 0.26505139500734215 0.138671875 0.09251101321585903
1 0.291015625 0.5418502202643172 0.2255859375 0.2966226138032305
1 0.73388671875 0.6123348017621145 0.1748046875 0.24375917767988253
1 0.8662109375 0.5345080763582967 0.20703125 0.2143906020558003
1 0.5244140625 0.45374449339207046 0.125 0.17914831130690162
1 0.072265625 0.42731277533039647 0.1357421875 0.23641703377386197
1 0.27734375 0.2907488986784141 0.134765625 0.13803230543318648
1 0.13134765625 0.5212922173274597 0.189453125 0.20851688693098386
1 0.59912109375 0.15859030837004406 0.07421875 0.06901615271659324
1 0.04638671875 0.30837004405286345 0.0908203125 0.13215859030837004
1 0.73876953125 0.41262848751835535 0.16015625 0.19236417033773862
1 0.55224609375 0.13215859030837004 0.0517578125 0.042584434654919234
1 0.40869140625 0.13215859030837004 0.0703125 0.07488986784140969
1 0.53125 0.16740088105726872 0.078125 0.0631424375917768
1 0.5029296875 0.1299559471365639 0.06640625 0.05726872246696035
1 0.5869140625 0.37738619676945667 0.0703125 0.06461086637298091
1 0.22998046875 0.171071953010279 0.0810546875 0.06901615271659324
1 0.4814453125 0.2488986784140969 0.078125 0.0631424375917768
1 0.1875 0.3487518355359765 0.1572265625 0.15712187958883994
1 0.6337890625 0.44640234948604995 0.1123046875 0.14243759177679882
1 0.32421875 0.2276064610866373 0.0712890625 0.07782672540381791
1 0.16650390625 0.2276064610866373 0.1005859375 0.09544787077826726
1 0.83154296875 0.290014684287812 0.1025390625 0.10719530102790015
1 0.77978515625 0.22246696035242292 0.0732421875 0.048458149779735685
1 0.26123046875 0.19676945668135096 0.087890625 0.0631424375917768
1 0.3837890625 0.38179148311306904 0.1513671875 0.17327459618208516
1 0.6904296875 0.2775330396475771 0.07421875 0.11747430249632893
1 0.5537109375 0.26945668135095446 0.0595703125 0.05433186490455213
1 0.87939453125 0.43171806167400884 0.16015625 0.19089574155653452
1 0.1103515625 0.2599118942731278 0.2099609375 0.17033773861967694