1 0.425283203125 0.5977239353891336 0.16905273437500012 0.25033773861967695
1 0.58271484375 0.6062848751835536 0.12434570312499993 0.21709251101321592
1 0.592099609375 0.2840822320117474 0.131591796875 0.10973568281938328
1 0.39126953125 0.23932452276064609 0.07398437499999999 0.08312775330396478
1 0.4575390625 0.15186490455212923 0.07451171874999996 0.06766519823788548
1 0.58935546875 0.2648751835535976 0.13916015625 0.09186490455212923
1 0.291259765625 0.5418502202643172 0.22546875 0.2973568281938326
1 0.73388671875 0.6127019089574156 0.1744433593750001 0.2433920704845815
1 0.8662109375 0.5345080763582967 0.20751953125 0.2142143906020558
1 0.5244140625 0.4533773861967695 0.1246386718750001 0.17951541850220265
1 0.072080078125 0.42731277533039647 0.135869140625 0.2366079295154185
1 0.277587890625 0.29038179148311305 0.13427734375 0.1383994126284875
1 0.13134765625 0.5209251101321586 0.189580078125 0.2092511013215859
1 0.59912109375 0.15878120411160057 0.07452148437499995 0.06897209985315716
1 0.04638671875 0.3080029368575624 0.090576171875 0.13142437591776798
1 0.73876953125 0.4122613803230543 0.1602832031250001 0.19199706314243759
1 0.55224609375 0.13234948604992658 0.05184570312499992 0.04187958883994128
1 0.40869140625 0.13234948604992658 0.0701953125 0.07443465491923641
1 0.53125 0.16759177679882525 0.07806640625000005 0.06364170337738624
1 0.5029296875 0.13004405286343612 0.06646484374999995 0.05709251101321585
1 0.5869140625 0.37738619676945667 0.070556640625 0.06506607929515411
1 0.22986328125 0.171071953010279 0.0809375 0.06947136563876652
1 0.481689453125 0.2487224669603524 0.07861328125 0.06259911894273128
1 0.187255859375 0.3487518355359765 0.156865234375 0.15712187958883994
1 0.6337890625 0.44640234948604995 0.11260742187499995 0.1418942731277533
1 0.324462890625 0.2274302496328928 0.071044921875 0.07782672540381791
1 0.16638671875 0.22723935389133626 0.10052734375 0.09508076358296623
1 0.83154296875 0.290014684287812 0.102294921875 0.1072834067547724
1 0.77978515625 0.22229074889867842 0.07318359375000005 0.048091042584434654
1 0.26123046875 0.1969603524229075 0.08740234375 0.06268722466960353
1 0.383544921875 0.38179148311306904 0.151494140625 0.17254038179148312
1 0.6904296875 0.2773568281938326 0.07421875 0.11784140969162996
1 0.5537109375 0.26928046989721 0.05987304687499995 0.05424375917767988
1 0.87939453125 0.43208516886930987 0.1602832031250001 0.19162995594713655
1 0.11029296875 0.25973568281938325 0.20984375 0.1696035242290749