1 0.09814453125 0.9669117647058824 0.056640625 0.047058823529411764
1 0.1337890625 0.9360294117647059 0.044921875 0.05
1 0.17236328125 0.9602941176470589 0.0576171875 0.06323529411764706
1 0.205078125 0.9735294117647059 0.0419921875 0.03823529411764706
1 0.15869140625 0.9007352941176471 0.0380859375 0.0661764705882353
1 0.23779296875 0.9044117647058824 0.05859375 0.06470588235294118
1 0.2021484375 0.8845588235294117 0.0341796875 0.04264705882352941
1 0.2822265625 0.8647058823529412 0.0390625 0.054411764705882354
1 0.32470703125 0.8669117647058824 0.0380859375 0.06323529411764706
1 0.27978515625 0.9382352941176471 0.0380859375 0.030882352941176472
1 0.34228515625 0.9580882352941177 0.0390625 0.052941176470588235
1 0.40625 0.9477941176470588 0.04296875 0.047058823529411764
1 0.4501953125 0.9470588235294117 0.0380859375 0.07647058823529412
1 0.45849609375 0.8375 0.056640625 0.07352941176470588
1 0.552734375 0.925 0.037109375 0.05588235294117647
1 0.66552734375 0.8654411764705883 0.0322265625 0.047058823529411764
1 0.57470703125 0.8867647058823529 0.0380859375 0.054411764705882354
1 0.76171875 0.9117647058823529 0.0732421875 0.07647058823529412
1 0.75634765625 0.9786764705882353 0.0419921875 0.04264705882352941
1 0.73779296875 0.875 0.0693359375 0.07352941176470588
1 0.73583984375 0.825 0.052734375 0.05
1 0.78857421875 0.8044117647058824 0.029296875 0.04411764705882353
1 0.80517578125 0.8139705882352941 0.033203125 0.04852941176470588
1 0.95556640625 0.85 0.0537109375 0.06470588235294118
1 0.87890625 0.8125 0.029296875 0.027941176470588237
1 0.62451171875 0.8330882352941177 0.0517578125 0.04264705882352941