1 0.103603515625 0.9774117647058823 0.05564453125000002 0.04516176470588241
1 0.138720703125 0.9454264705882353 0.04405273437500001 0.049147058823529516
1 0.17794921875 0.9690735294117647 0.05674804687500001 0.061852941176470506
1 0.210615234375 0.9814411764705883 0.04176757812499998 0.037102941176470616
1 0.163359375 0.9093529411764706 0.03749023437499999 0.06566176470588249
1 0.242548828125 0.9115588235294118 0.058222656250000004 0.06316176470588242
1 0.206630859375 0.8921323529411764 0.033808593750000004 0.041573529411764676
1 0.28662109375 0.8706764705882352 0.038281250000000044 0.05280882352941189
1 0.328974609375 0.8713088235294117 0.03708007812500003 0.06211764705882354
1 0.285029296875 0.9439411764705883 0.037646484374999956 0.030044117647058916
1 0.347509765625 0.9625147058823529 0.038701171874999996 0.05223529411764703
1 0.41146484375 0.950529411764706 0.04273437499999999 0.045514705882353006
1 0.455537109375 0.9481323529411765 0.03680664062500005 0.07526470588235304
1 0.462294921875 0.8382499999999999 0.05580078124999999 0.07241176470588237
1 0.557412109375 0.923279411764706 0.03635742187500002 0.05435294117647064
1 0.669912109375 0.8613382352941177 0.03192382812500005 0.04679411764705873
1 0.57927734375 0.8850882352941176 0.03725585937500009 0.053029411764705804
1 0.766455078125 0.904470588235294 0.07206054687499996 0.07430882352941172
1 0.762470703125 0.9756911764705882 0.04114257812500011 0.048617647058823446
1 0.7419140625 0.869 0.06886718749999998 0.07135294117647056
1 0.739365234375 0.8187205882352941 0.052294921874999956 0.04910294117647074
1 0.791884765625 0.79675 0.028847656249999964 0.04316176470588222
1 0.808740234375 0.8062058823529412 0.03273437499999998 0.048235294117646994
1 0.95943359375 0.8380147058823529 0.05281249999999993 0.06388235294117656
1 0.88251953125 0.8023970588235294 0.02920898437500008 0.026867647058823503
1 0.628115234375 0.8296764705882352 0.05109374999999994 0.041897058823529426