1 0.21240234375 0.7239583333333334 0.1689453125 0.2682291666666667
1 0.47802734375 0.6725260416666666 0.1240234375 0.2265625
1 0.6337890625 0.568359375 0.107421875 0.18619791666666666
1 0.419921875 0.640625 0.138671875 0.22395833333333334
1 0.43603515625 0.541015625 0.0869140625 0.10546875
1 0.525390625 0.6126302083333334 0.1376953125 0.2265625
1 0.54931640625 0.5794270833333334 0.1064453125 0.1953125
1 0.66015625 0.4928385416666667 0.087890625 0.15755208333333334
1 0.63525390625 0.4283854166666667 0.0634765625 0.06510416666666667
1 0.6083984375 0.46875 0.060546875 0.09114583333333333
1 0.5830078125 0.5026041666666666 0.068359375 0.125
1 0.4853515625 0.5006510416666666 0.060546875 0.09895833333333333
1 0.46044921875 0.470703125 0.0517578125 0.08333333333333333
1 0.5107421875 0.4173177083333333 0.033203125 0.044270833333333336
1 0.546875 0.3984375 0.0283203125 0.045572916666666664
1 0.57958984375 0.4342447916666667 0.0693359375 0.055989583333333336
1 0.52001953125 0.4459635416666667 0.048828125 0.055989583333333336