1 0.185546875 0.646484375 0.1376953125 0.23697916666666666
1 0.453916015625 0.6639583333333333 0.09585937499999997 0.20580729166666675
1 0.621669921875 0.6014583333333333 0.08528320312499993 0.16727864583333338
1 0.40140625 0.6174348958333332 0.11207031249999999 0.19923177083333332
1 0.4313671875 0.5239322916666667 0.07612304687500004 0.08739583333333334
1 0.508671875 0.6173046875 0.11080078125000004 0.2016927083333333
1 0.537060546875 0.5902604166666666 0.0824121093750001 0.1776432291666666
1 0.6581640625 0.5334895833333334 0.0682226562499999 0.14346354166666675
1 0.643046875 0.46420572916666664 0.05722656249999991 0.05127604166666666
1 0.610771484375 0.4971614583333333 0.04944335937500011 0.08058593749999998
1 0.581015625 0.5234114583333334 0.0531152343750001 0.11354166666666672
1 0.48578124999999994 0.49686197916666663 0.048535156250000044 0.08851562500000003
1 0.46541015625 0.4614583333333333 0.04166015624999997 0.07386718750000003
1 0.522177734375 0.4217708333333334 0.02792968749999991 0.03846354166666662
1 0.56041015625 0.4123046875 0.022890625000000053 0.04028645833333341
1 0.58765625 0.45565104166666665 0.0645605468749999 0.04028645833333341
1 0.527216796875 0.4522916666666667 0.043496093749999964 0.04578124999999996