1 0.86669921875 0.6201157742402316 0.2666015625 0.3024602026049204
1 0.564453125 0.8096960926193922 0.34765625 0.38060781476121563
1 0.56298828125 0.597684515195369 0.1396484375 0.16063675832127353
1 0.818359375 0.7807525325615051 0.36328125 0.35745296671490595
1 0.7861328125 0.6519536903039074 0.32421875 0.2865412445730825
1 0.76708984375 0.6099855282199711 0.2626953125 0.2460202604920405
1 0.67724609375 0.5282199710564399 0.1943359375 0.22431259044862517
1 0.87158203125 0.48263386396526775 0.2568359375 0.24746743849493488
1 0.857421875 0.4319826338639653 0.2529296875 0.23444283646888567
1 0.42822265625 0.6027496382054993 0.224609375 0.22575976845151954
1 0.51123046875 0.6881331403762663 0.142578125 0.18234442836468887
1 0.4033203125 0.7257597684515196 0.197265625 0.24891461649782923
1 0.3681640625 0.8509406657018813 0.236328125 0.2981186685962373
1 0.18505859375 0.8726483357452967 0.2705078125 0.25470332850940663
1 0.1123046875 0.8140376266280752 0.1962890625 0.3545586107091172
1 0.25732421875 0.6490593342981187 0.1904296875 0.21852387843704776
1 0.26416015625 0.5448625180897251 0.119140625 0.15195369030390737