1 0.86181640625 0.7264833574529667 0.2763671875 0.22865412445730826
1 0.52197265625 0.8364688856729378 0.3115234375 0.32706222865412443
1 0.54931640625 0.613603473227207 0.1259765625 0.12735166425470332
1 0.802734375 0.874095513748191 0.390625 0.25180897250361794
1 0.76123046875 0.7301013024602026 0.3037109375 0.2040520984081042
1 0.748046875 0.6837916063675832 0.244140625 0.1808972503617945
1 0.67041015625 0.5781476121562952 0.1748046875 0.17800289435600578
1 0.8740234375 0.5904486251808972 0.251953125 0.17945007235890015
1 0.85986328125 0.5340086830680174 0.2353515625 0.170767004341534
1 0.41650390625 0.5803183791606368 0.2060546875 0.170767004341534
1 0.48681640625 0.6881331403762663 0.1259765625 0.14905933429811866
1 0.3759765625 0.6939218523878437 0.173828125 0.2040520984081042
1 0.32177734375 0.8386396526772794 0.2001953125 0.3111432706222865
1 0.13525390625 0.8393632416787264 0.2333984375 0.32127351664254705
1 0.0791015625 0.6989869753979739 0.158203125 0.3154848046309696
1 0.24267578125 0.5774240231548481 0.1708984375 0.1736613603473227
1 0.2626953125 0.47756874095513746 0.10546875 0.12445730824891461