1 0.36572265625 0.2840409956076135 0.0234375 0.027818448023426062
1 0.3310546875 0.2891654465592972 0.021484375 0.03074670571010249
1 0.30712890625 0.287701317715959 0.01953125 0.027818448023426062
1 0.22607421875 0.3162518301610542 0.037109375 0.03806734992679356
1 0.205078125 0.3374816983894583 0.041015625 0.03953147877013177
1 0.2265625 0.3623718887262079 0.0400390625 0.07613469985358712
1 0.95263671875 0.2774524158125915 0.0302734375 0.020497803806734993
1 0.92919921875 0.2745241581259151 0.017578125 0.024890190336749635
1 0.138671875 0.3814055636896047 0.052734375 0.0527086383601757
1 0.6416015625 0.513909224011713 0.0517578125 0.048316251830161056
1 0.24658203125 0.5461200585651538 0.078125 0.04538799414348463
1 0.52587890625 0.40702781844802344 0.1162109375 0.1259150805270864
1 0.87646484375 0.48975109809663253 0.0771484375 0.1390922401171303
1 0.1884765625 0.5512445095168375 0.0478515625 0.04685212298682284
1 0.63623046875 0.5190336749633968 0.056640625 0.04685212298682284