1 0.39013671875 0.2554904831625183 0.0263671875 0.03367496339677892
1 0.35498046875 0.2518301610541728 0.0244140625 0.03513909224011713
1 0.33154296875 0.2452415812591508 0.0224609375 0.032210834553440704
1 0.24853515625 0.2540263543191801 0.041015625 0.04685212298682284
1 0.2255859375 0.27013177159590046 0.044921875 0.048316251830161056
1 0.244140625 0.3001464128843338 0.0478515625 0.0849194729136164
1 0.97021484375 0.38653001464128844 0.0322265625 0.027818448023426062
1 0.947265625 0.37774524158125916 0.01953125 0.029282576866764276
1 0.1552734375 0.2979502196193265 0.0576171875 0.06442166910688141
1 0.63818359375 0.5468521229868228 0.056640625 0.060029282576866766
1 0.2451171875 0.486090775988287 0.08203125 0.0629575402635432
1 0.53515625 0.4143484626647145 0.1279296875 0.15226939970717424
1 0.873046875 0.5783308931185944 0.0908203125 0.15519765739385066
1 0.18701171875 0.4773060029282577 0.0517578125 0.05710102489019034
1 0.63232421875 0.5505124450951684 0.060546875 0.060029282576866766