1 0.811279296875 0.6960352422907489 0.37744140625 0.3303964757709251
1 0.6484375 0.6380323054331865 0.3359375 0.3744493392070485
1 0.49658203125 0.6226138032305433 0.2060546875 0.28487518355359764
1 0.349609375 0.5704845814977973 0.1953125 0.25697503671071953
1 0.2734375 0.5513950073421439 0.1328125 0.19236417033773862
1 0.4482421875 0.47283406754772395 0.083984375 0.10572687224669604
1 0.9765625 0.577826725403818 0.046875 0.19530102790014683
1 0.9374609375 0.5272687224669603 0.09780273437500009 0.10384728340675481
1 0.80791015625 0.5025256975036712 0.11309570312499995 0.08781204111600581
1 0.7029296875 0.4875330396475771 0.05979492187500002 0.045301027900146874
1 0.627373046875 0.48544787077826723 0.0801855468749999 0.062026431718061686
1 0.276953125 0.4659324522760646 0.13395507812499996 0.13452276064610869
1 0.199541015625 0.49067547723935384 0.106142578125 0.1310279001468429
1 0.13650390625 0.4770778267254038 0.06999023437500002 0.13729809104258445
1 0.075322265625 0.4613950073421439 0.06999023437500002 0.1156975036710719