1 0.8115234375 0.6703377386196769 0.376953125 0.35976505139500736
1 0.65283203125 0.6262848751835536 0.3486328125 0.4008810572687225
1 0.5009765625 0.6226138032305433 0.2158203125 0.3010279001468429
1 0.35205078125 0.5822320117474302 0.2041015625 0.27165932452276065
1 0.275390625 0.5690161527165932 0.1396484375 0.2026431718061674
1 0.447265625 0.47723935389133626 0.087890625 0.11160058737151249
1 0.9755859375 0.539647577092511 0.048828125 0.19823788546255505
1 0.93798828125 0.49265785609397944 0.1015625 0.11160058737151249
1 0.8076171875 0.4779735682819383 0.1162109375 0.09691629955947137
1 0.7021484375 0.4713656387665198 0.0615234375 0.049926578560939794
1 0.62646484375 0.47577092511013214 0.08203125 0.06754772393538913
1 0.27587890625 0.48384728340675476 0.138671875 0.14537444933920704
1 0.19970703125 0.5146842878120411 0.1103515625 0.1395007342143906
1 0.13623046875 0.5058737151248165 0.07421875 0.14243759177679882
1 0.07470703125 0.4948604992657856 0.07421875 0.12041116005873716