1 0.34423828125 0.6268436578171092 0.3212890625 0.35398230088495575
1 0.3134765625 0.25442477876106195 0.06640625 0.09734513274336283
1 0.47705078125 0.31194690265486724 0.083984375 0.11356932153392331
1 0.533203125 0.31268436578171094 0.048828125 0.08112094395280237
1 0.54248046875 0.16445427728613568 0.0390625 0.03982300884955752
1 0.57177734375 0.1887905604719764 0.0263671875 0.025073746312684365
1 0.5908203125 0.33112094395280234 0.0283203125 0.06932153392330384
1 0.70361328125 0.17699115044247787 0.03515625 0.04424778761061947
1 0.73095703125 0.18141592920353983 0.0302734375 0.0471976401179941
1 0.7451171875 0.16297935103244837 0.0234375 0.035398230088495575
1 0.775390625 0.05088495575221239 0.01953125 0.014749262536873156
1 0.81103515625 0.35176991150442477 0.0986328125 0.10766961651917405