1 0.3505859375 0.6430678466076696 0.306640625 0.3230088495575221
1 0.302734375 0.2743362831858407 0.0625 0.09144542772861357
1 0.46826171875 0.3148967551622419 0.0791015625 0.10619469026548672
1 0.5244140625 0.30973451327433627 0.044921875 0.07669616519174041
1 0.52685546875 0.1607669616519174 0.037109375 0.035398230088495575
1 0.55712890625 0.18215339233038347 0.025390625 0.022123893805309734
1 0.5830078125 0.3222713864306785 0.025390625 0.06637168141592921
1 0.68798828125 0.15634218289085547 0.033203125 0.04129793510324484
1 0.7158203125 0.15781710914454278 0.0283203125 0.04424778761061947
1 0.72900390625 0.137905604719764 0.021484375 0.03392330383480826
1 0.75390625 0.022861356932153392 0.0185546875 0.01327433628318584
1 0.80322265625 0.3193215339233038 0.0947265625 0.09734513274336283