1 0.16162109375 0.3891796875 0.11697265624999997 0.23292968749999998
1 0.250244140625 0.4879557291666667 0.14734375 0.2978515625
1 0.783203125 0.5276692708333334 0.16455078125 0.31625000000000014
1 0.65234375 0.2962239583333333 0.1104785156250001 0.15950520833333334
1 0.39208984375 0.5071614583333334 0.12445312500000005 0.31299479166666666
1 0.6025390625 0.4938151041666667 0.202392578125 0.3330078125
1 0.912333984375 0.5767057291666667 0.17533203124999996 0.24777343749999994
1 0.2998046875 0.3642578125 0.087890625 0.15544270833333332
1 0.7451171875 0.2932942708333333 0.11675781249999995 0.1512109375
1 0.36443359375 0.2591145833333333 0.035927734374999964 0.10717447916666667
1 0.0558203125 0.4319661458333333 0.093203125 0.18684895833333334
1 0.54615234375 0.32544270833333333 0.09298828125000003 0.10045572916666663
1 0.408798828125 0.33988281249999996 0.08331054687499995 0.06671875000000001
1 0.4702734375 0.26305989583333333 0.05191406249999997 0.06341145833333332
1 0.4174609375 0.24442708333333332 0.07187500000000002 0.07260416666666665
1 0.417099609375 0.28677083333333336 0.07986328124999997 0.04404947916666665
1 0.52708984375 0.28338541666666667 0.060263671875000036 0.06824218749999995
1 0.906650390625 0.4244401041666667 0.16326171875000006 0.15433593749999996