1 0.18115234375 0.3125 0.1455078125 0.2565104166666667
1 0.25537109375 0.4303385416666667 0.18359375 0.3268229166666667
1 0.775390625 0.5930989583333334 0.203125 0.3489583333333333
1 0.6767578125 0.3346354166666667 0.1298828125 0.18229166666666666
1 0.392578125 0.4817708333333333 0.1630859375 0.3372395833333333
1 0.6015625 0.517578125 0.2431640625 0.375
1 0.89599609375 0.6712239583333334 0.205078125 0.28515625
1 0.3203125 0.3196614583333333 0.1064453125 0.17317708333333334
1 0.7685546875 0.3528645833333333 0.134765625 0.17578125
1 0.39794921875 0.23111979166666666 0.0498046875 0.11328125
1 0.0712890625 0.330078125 0.1162109375 0.20572916666666666
1 0.568359375 0.3385416666666667 0.1044921875 0.12109375
1 0.43115234375 0.3209635416666667 0.0908203125 0.08463541666666667
1 0.50146484375 0.259765625 0.0595703125 0.07421875
1 0.4521484375 0.22916666666666666 0.080078125 0.08854166666666667
1 0.4462890625 0.2708333333333333 0.083984375 0.0625
1 0.5546875 0.29296875 0.068359375 0.08072916666666667
1 0.90966796875 0.51953125 0.1806640625 0.19010416666666666