1 0.19921875 0.78515625 0.046875 0.04296875
1 0.2373046875 0.7688802083333334 0.0498046875 0.055989583333333336
1 0.42529296875 0.7890625 0.0576171875 0.05859375
1 0.494140625 0.7578125 0.0517578125 0.033854166666666664
1 0.9091796875 0.7115885416666666 0.0625 0.05078125
1 0.8203125 0.7018229166666666 0.0703125 0.05859375
1 0.8095703125 0.7154947916666666 0.0498046875 0.044270833333333336
1 0.72509765625 0.7272135416666666 0.0693359375 0.041666666666666664
1 0.68701171875 0.6809895833333334 0.0361328125 0.029947916666666668
1 0.62646484375 0.7330729166666666 0.052734375 0.052083333333333336
1 0.66943359375 0.736328125 0.0458984375 0.0390625
1 0.841796875 0.6595052083333334 0.0439453125 0.044270833333333336