1 0.17529296875 0.734375 0.0439453125 0.036458333333333336
1 0.21484375 0.7239583333333334 0.0458984375 0.049479166666666664
1 0.399580078125 0.7747395833333334 0.05339843749999995 0.05035156250000009
1 0.470537109375 0.7549869791666667 0.04981445312499999 0.02605468749999999
1 0.886591796875 0.7763541666666667 0.05929687500000003 0.0408333333333332
1 0.79958984375 0.7524609375 0.06647460937499994 0.04865885416666652
1 0.7875390625 0.7641796875 0.04626953125000011 0.03735677083333341
1 0.702822265625 0.7620182291666667 0.06711914062500002 0.03127604166666664
1 0.6692578125 0.7103125 0.033886718750000044 0.025195312499999883
1 0.604091796875 0.7520182291666666 0.04953125000000003 0.0443098958333333
1 0.64677734375 0.7624479166666666 0.043662109375000036 0.03214843750000007
1 0.824677734375 0.7137890625000001 0.041054687499999964 0.03735677083333341