1 0.0634765625 0.6561938958707361 0.126953125 0.23159784560143626
1 0.1171875 0.7935368043087971 0.234375 0.4129263913824057
1 0.35009765625 0.8438061041292639 0.0966796875 0.3123877917414722
1 0.287109375 0.7522441651705566 0.150390625 0.4272890484739677
1 0.51953125 0.8231597845601436 0.2080078125 0.35368043087971274
1 0.7021484375 0.5107719928186715 0.1279296875 0.22800718132854578
1 0.8251953125 0.42908438061041293 0.103515625 0.17235188509874327
1 0.8935546875 0.6508078994614004 0.212890625 0.4362657091561939
1 0.416259765625 0.6091561938958707 0.11181640625 0.3208617594254938
1 0.5537109375 0.6355475763016158 0.1470996093750001 0.24775583482944344
1 0.60400390625 0.5327648114901257 0.11279296875 0.2374326750448833
1 0.490234375 0.49506283662477557 0.11456054687499995 0.22251346499102342
1 0.0615234375 0.7459605026929982 0.123046875 0.4542190305206463
1 0.60107421875 0.40933572710951527 0.05856445312500003 0.06127468581687611
1 0.94384765625 0.47172351885098746 0.10284179687499995 0.12197486535008986