1 0.07958984375 0.7666068222621185 0.1435546875 0.2621184919210054
1 0.142578125 0.8267504488330341 0.263671875 0.3464991023339318
1 0.376953125 0.855475763016158 0.119140625 0.289048473967684
1 0.3076171875 0.7863554757630161 0.181640625 0.4272890484739677
1 0.5439453125 0.8061041292639138 0.232421875 0.3877917414721723
1 0.701171875 0.45870736086175945 0.1435546875 0.2585278276481149
1 0.81689453125 0.3464991023339318 0.115234375 0.19748653500897667
1 0.8896484375 0.5484739676840216 0.220703125 0.4865350089766607
1 0.42529296875 0.6292639138240574 0.134765625 0.3464991023339318
1 0.5634765625 0.6202872531418312 0.1640625 0.2836624775583483
1 0.60546875 0.5062836624775583 0.1298828125 0.2639138240574506
1 0.48974609375 0.49730700179533216 0.1298828125 0.2495511669658887
1 0.083984375 0.8070017953321365 0.15625 0.3859964093357271
1 0.59326171875 0.38420107719928187 0.0625 0.07540394973070018
1 0.9375 0.35816876122082586 0.111328125 0.14721723518850988