1 0.9747265625 0.752890625 0.05054687499999999 0.12694010416666668
1 0.923115234375 0.7288020833333334 0.05719726562499994 0.1339713541666668
1 0.905615234375 0.6763671875 0.04403320312499992 0.051184895833333265
1 0.852177734375 0.64953125 0.06133789062499995 0.06873697916666661
1 0.784814453125 0.6821484375 0.04628906250000009 0.10186197916666669
1 0.853681640625 0.6926822916666667 0.057578125000000036 0.10085937500000004
1 0.719521484375 0.6628255208333333 0.07150390625000003 0.11640624999999998
1 0.67474609375 0.6648307291666667 0.07451171874999996 0.1224348958333333
1 0.619423828125 0.6465234375 0.05118164062500008 0.11188802083333342
1 0.56580078125 0.6440104166666667 0.06133789062499995 0.11490885416666667
1 0.48404296875 0.6309635416666667 0.10443359374999994 0.08680989583333328
1 0.41884765625 0.6261979166666666 0.04704101562499996 0.10738281250000004
1 0.450830078125 0.5908203125 0.03989257812500002 0.04666666666666671
1 0.472841796875 0.5963411458333333 0.05305664062500004 0.04164062500000002
1 0.359765625 0.6098958333333333 0.06623046874999994 0.10988281249999998
1 0.304443359375 0.5940885416666667 0.07000000000000006 0.11139322916666661
1 0.270009765625 0.6071354166666666 0.08166015625 0.11039062499999996
1 0.19380859375 0.5742708333333334 0.06623046875 0.10888020833333334
1 0.19173828125 0.5298567708333334 0.061337890625 0.04415364583333329
1 0.12494140625 0.5514322916666666 0.05794921875000003 0.10738281250000004
1 0.08259765625 0.535625 0.071875 0.1078776041666667
1 0.075078125 0.49373697916666665 0.056074218750000016 0.05419270833333334
1 0.030292968749999996 0.49799479166666666 0.050048828125 0.07877604166666667
1 0.01318359375 0.447265625 0.0263671875 0.01953125
1 0.016933593749999996 0.4636328125 0.030107421875 0.02509114583333331
1 0.147333984375 0.44807291666666665 0.054570312499999996 0.031106770833333314
1 0.11083007812499998 0.45484375 0.056826171875 0.0316145833333333
1 0.226357421875 0.48419270833333333 0.03725585937499998 0.021067708333333268
1 0.308955078125 0.502265625 0.06547851562499996 0.038138020833333286
1 0.268876953125 0.49322916666666666 0.02897460937499996 0.023085937500000025
1 0.378017578125 0.5386458333333334 0.036503906249999996 0.027591145833333403