1 0.97607421875 0.7408854166666666 0.0478515625 0.12760416666666666
1 0.92626953125 0.71875 0.05859375 0.13541666666666666
1 0.90771484375 0.6666666666666666 0.044921875 0.052083333333333336
1 0.85400390625 0.6412760416666666 0.0625 0.0703125
1 0.787109375 0.67578125 0.0478515625 0.10286458333333333
1 0.85595703125 0.6842447916666666 0.05859375 0.1015625
1 0.7216796875 0.6575520833333334 0.0732421875 0.11848958333333333
1 0.6767578125 0.6608072916666666 0.076171875 0.12369791666666667
1 0.62109375 0.6438802083333334 0.052734375 0.11328125
1 0.56787109375 0.642578125 0.0625 0.11588541666666667
1 0.48583984375 0.6315104166666666 0.10546875 0.08984375
1 0.42041015625 0.6282552083333334 0.048828125 0.10807291666666667
1 0.4521484375 0.591796875 0.0400390625 0.048177083333333336
1 0.47412109375 0.5970052083333334 0.0537109375 0.04296875
1 0.361328125 0.61328125 0.0673828125 0.11197916666666667
1 0.3056640625 0.5983072916666666 0.0712890625 0.11328125
1 0.271484375 0.6126302083333334 0.0830078125 0.11197916666666667
1 0.19482421875 0.5813802083333334 0.0673828125 0.11067708333333333
1 0.1923828125 0.537109375 0.0615234375 0.045572916666666664
1 0.12548828125 0.5598958333333334 0.0595703125 0.10807291666666667
1 0.0830078125 0.5455729166666666 0.0732421875 0.109375
1 0.0751953125 0.50390625 0.056640625 0.055989583333333336
1 0.0302734375 0.5091145833333334 0.05078125 0.07942708333333333
1 0.0126953125 0.4576822916666667 0.025390625 0.01953125
1 0.0166015625 0.474609375 0.0302734375 0.026041666666666668
1 0.146484375 0.4563802083333333 0.0546875 0.032552083333333336
1 0.1103515625 0.4641927083333333 0.0576171875 0.032552083333333336
1 0.22607421875 0.4908854166666667 0.037109375 0.022135416666666668
1 0.30908203125 0.5065104166666666 0.06640625 0.0390625
1 0.26904296875 0.4986979166666667 0.029296875 0.0234375
1 0.37841796875 0.5416666666666666 0.037109375 0.028645833333333332