1 0.37744140625 0.489193083573487 0.177734375 0.430835734870317
1 0.49853515625 0.5165706051873199 0.1533203125 0.40778097982708933
1 0.89208984375 0.4610951008645533 0.1201171875 0.27089337175792505
1 0.751953125 0.42939481268011526 0.1142578125 0.30835734870317005
1 0.85107421875 0.35086455331412103 0.064453125 0.20317002881844382
1 0.66845703125 0.40634005763688763 0.095703125 0.28097982708933716
1 0.62255859375 0.37680115273775217 0.07421875 0.26512968299711814
1 0.2060546875 0.4272334293948127 0.126953125 0.260806916426513
1 0.08642578125 0.24279538904899137 0.1005859375 0.21757925072046108
1 0.607421875 0.24855907780979827 0.08203125 0.10951008645533142
1 0.53173828125 0.25360230547550433 0.0947265625 0.10662824207492795