1 0.37744140625 0.489193083573487 0.177734375 0.430835734870317
1 0.49853515625 0.5165706051873199 0.1533203125 0.40778097982708933
1 0.892041015625 0.46138328530259365 0.11969726562499994 0.2708069164265129
1 0.75193359375 0.42913544668587894 0.11385742187499992 0.3078674351585014
1 0.851220703125 0.3510951008645533 0.06411132812500009 0.20325648414985592
1 0.66822265625 0.4063256484149856 0.09524414062499997 0.2814553314121038
1 0.622763671875 0.37664265129682994 0.07454101562499993 0.2653458213256484
1 0.205947265625 0.42707492795389046 0.12678710937500004 0.2605331412103746
1 0.086650390625 0.24286743515850145 0.10026367187499999 0.21734870317002886
1 0.607529296875 0.24870317002881845 0.08174804687500004 0.10963976945244953
1 0.5318359375 0.2535158501440922 0.09476562499999996 0.10688760806916428