0 0.28271484375 0.8798828125 0.1123046875 0.0908203125
0 0.2890625 0.74609375 0.1123046875 0.1201171875
0 0.2998046875 0.6103515625 0.115234375 0.1142578125
0 0.3125 0.4912109375 0.1064453125 0.107421875
0 0.32958984375 0.38037109375 0.099609375 0.0830078125
0 0.3291015625 0.2841796875 0.0859375 0.0751953125
0 0.33837890625 0.1904296875 0.0859375 0.0625
0 0.3408203125 0.1162109375 0.068359375 0.048828125
0 0.42333984375 0.74853515625 0.15625 0.125
0 0.4296875 0.60546875 0.140625 0.1015625
0 0.4287109375 0.48974609375 0.126953125 0.0888671875
0 0.43994140625 0.88037109375 0.1455078125 0.091796875
0 0.44287109375 0.3798828125 0.1328125 0.078125
0 0.43359375 0.2783203125 0.111328125 0.068359375
0 0.45068359375 0.1845703125 0.091796875 0.0751953125
0 0.4541015625 0.109375 0.091796875 0.037109375
0 0.55615234375 0.27587890625 0.1220703125 0.0732421875
0 0.57421875 0.6044921875 0.1455078125 0.109375
0 0.5751953125 0.74755859375 0.146484375 0.1201171875
0 0.5712890625 0.375 0.126953125 0.087890625
0 0.5712890625 0.484375 0.126953125 0.103515625
0 0.55615234375 0.1064453125 0.09375 0.046875
0 0.5654296875 0.1787109375 0.103515625 0.0732421875
0 0.6025390625 0.8837890625 0.1357421875 0.091796875
0 0.65380859375 0.109375 0.080078125 0.041015625
0 0.66650390625 0.1787109375 0.0986328125 0.0673828125
0 0.67578125 0.2744140625 0.1015625 0.076171875
0 0.68212890625 0.3759765625 0.095703125 0.0859375
0 0.6943359375 0.48046875 0.095703125 0.0859375
0 0.70703125 0.6015625 0.111328125 0.0966796875
0 0.71630859375 0.75146484375 0.1201171875 0.115234375
0 0.73974609375 0.8837890625 0.0859375 0.1015625