0 0.26318359375 0.8681640625 0.1171875 0.0966796875
0 0.2763671875 0.73486328125 0.1181640625 0.1259765625
0 0.29443359375 0.599609375 0.12109375 0.1201171875
0 0.31298828125 0.4814453125 0.1123046875 0.11328125
0 0.3359375 0.37158203125 0.103515625 0.087890625
0 0.3408203125 0.275390625 0.08984375 0.080078125
0 0.35498046875 0.1826171875 0.0888671875 0.0673828125
0 0.361328125 0.1083984375 0.0712890625 0.052734375
0 0.41064453125 0.744140625 0.162109375 0.1328125
0 0.42431640625 0.6015625 0.1455078125 0.1083984375
0 0.42919921875 0.48583984375 0.1318359375 0.095703125
0 0.419921875 0.87646484375 0.150390625 0.099609375
0 0.44921875 0.376953125 0.13671875 0.0849609375
0 0.4453125 0.275390625 0.115234375 0.07421875
0 0.46728515625 0.1826171875 0.095703125 0.080078125
0 0.474609375 0.107421875 0.09375 0.0419921875
0 0.56787109375 0.279296875 0.1259765625 0.0791015625
0 0.56884765625 0.6083984375 0.1513671875 0.1171875
0 0.56201171875 0.7509765625 0.15234375 0.1279296875
0 0.57763671875 0.37890625 0.1318359375 0.0947265625
0 0.57177734375 0.48828125 0.1318359375 0.1103515625
0 0.57666015625 0.10986328125 0.095703125 0.0517578125
0 0.58203125 0.1826171875 0.107421875 0.078125
0 0.58251953125 0.888671875 0.140625 0.0986328125
0 0.673828125 0.1181640625 0.08203125 0.044921875
0 0.68310546875 0.18798828125 0.1015625 0.072265625
0 0.6875 0.28369140625 0.10546875 0.0810546875
0 0.6884765625 0.3857421875 0.099609375 0.0908203125
0 0.6953125 0.49072265625 0.099609375 0.0908203125
0 0.70166015625 0.6123046875 0.1162109375 0.1025390625
0 0.70263671875 0.76220703125 0.1259765625 0.12109375
0 0.71923828125 0.89599609375 0.0908203125 0.10546875