1 0.76123046875 0.236328125 0.1845703125 0.1640625
1 0.71142578125 0.6223958333333334 0.3232421875 0.5677083333333334
1 0.87890625 0.6022135416666666 0.2421875 0.5872395833333334
1 0.4765625 0.5514322916666666 0.283203125 0.39453125
1 0.146484375 0.65625 0.185546875 0.3802083333333333
1 0.052734375 0.6614583333333334 0.10546875 0.3333333333333333
1 0.35595703125 0.6927083333333334 0.2890625 0.5377604166666666
1 0.31103515625 0.4622395833333333 0.1318359375 0.1171875
1 0.69384765625 0.4010416666666667 0.1396484375 0.13020833333333334
1 0.435546875 0.3997395833333333 0.1455078125 0.09375
1 0.09228515625 0.4453125 0.0986328125 0.14453125
1 0.5302734375 0.2897135416666667 0.1484375 0.09635416666666667
1 0.86865234375 0.38671875 0.2431640625 0.19270833333333334
1 0.205078125 0.5598958333333334 0.154296875 0.328125
1 0.0458984375 0.2786458333333333 0.087890625 0.06770833333333333
1 0.265625 0.3209635416666667 0.0947265625 0.08854166666666667
1 0.919921875 0.322265625 0.1552734375 0.17317708333333334