1 0.76806640625 0.24869791666666666 0.1806640625 0.15625
1 0.7080078125 0.6321614583333334 0.30859375 0.5533854166666666
1 0.88037109375 0.6197916666666666 0.236328125 0.5768229166666666
1 0.47509765625 0.5501302083333334 0.2734375 0.3815104166666667
1 0.142578125 0.6399739583333334 0.17578125 0.3723958333333333
1 0.048828125 0.6412760416666666 0.09765625 0.3294270833333333
1 0.35107421875 0.6861979166666666 0.275390625 0.5247395833333334
1 0.31201171875 0.4537760416666667 0.12890625 0.11067708333333333
1 0.6962890625 0.41015625 0.13671875 0.12369791666666667
1 0.43798828125 0.396484375 0.1435546875 0.08723958333333333
1 0.09375 0.4264322916666667 0.0947265625 0.140625
1 0.53564453125 0.291015625 0.146484375 0.08984375
1 0.87158203125 0.4036458333333333 0.23828125 0.18229166666666666
1 0.20361328125 0.5462239583333334 0.1455078125 0.3216145833333333
1 0.0517578125 0.2578125 0.0859375 0.06380208333333333
1 0.2705078125 0.3098958333333333 0.0927734375 0.08463541666666667
1 0.92431640625 0.341796875 0.1513671875 0.16666666666666666