1 0.85888671875 0.7369791666666666 0.2822265625 0.359375
1 0.85009765625 0.19661458333333334 0.2578125 0.3046875
1 0.9404296875 0.240234375 0.0927734375 0.24088541666666666
1 0.912109375 0.123046875 0.0966796875 0.12630208333333334
1 0.79638671875 0.4290364583333333 0.3916015625 0.3359375
1 0.8916015625 0.4713541666666667 0.216796875 0.22916666666666666
1 0.599609375 0.3470052083333333 0.345703125 0.3125
1 0.423828125 0.5423177083333334 0.44140625 0.38671875
1 0.3095703125 0.8444010416666666 0.515625 0.3111979166666667
1 0.18359375 0.4563802083333333 0.3154296875 0.24869791666666666
1 0.13671875 0.5716145833333334 0.2734375 0.3958333333333333