1 0.84716796875 0.83203125 0.3046875 0.2877604166666667
1 0.88720703125 0.291015625 0.2255859375 0.2513020833333333
1 0.9695703125 0.35679687499999996 0.06084960937499995 0.2292447916666666
1 0.958408203125 0.23466145833333332 0.08317382812500007 0.10776041666666665
1 0.800888671875 0.5055859375 0.3624414062500001 0.24779947916666675
1 0.895634765625 0.5737760416666667 0.20873046875 0.1795963541666666
1 0.61962890625 0.375078125 0.3179980468750001 0.23605468749999994
1 0.418955078125 0.5223177083333334 0.407724609375 0.28872395833333336
1 0.25583984375 0.8461588541666667 0.480478515625 0.3076822916666666
1 0.19572265625 0.3769401041666667 0.29607421875 0.17654947916666672
1 0.124287109375 0.4758203125 0.24857421875 0.33832031250000005