1 0.09521484375 0.6493411420204978 0.0810546875 0.07174231332357248
1 0.10986328125 0.5329428989751098 0.0126953125 0.017569546120058566
1 0.2177734375 0.5395314787701317 0.021484375 0.013177159590043924
1 0.23974609375 0.568081991215227 0.01953125 0.014641288433382138
1 0.28857421875 0.6266471449487555 0.09765625 0.09809663250366032
1 0.27001953125 0.5578330893118595 0.01953125 0.008784773060029283
1 0.38671875 0.5871156661786238 0.0234375 0.013177159590043924
1 0.5703125 0.5732064421669106 0.01171875 0.014641288433382138
1 0.6220703125 0.5329428989751098 0.0234375 0.021961932650073207
1 0.6279296875 0.5607613469985359 0.0244140625 0.017569546120058566
1 0.63330078125 0.5219619326500732 0.0087890625 0.010248901903367497
1 0.642578125 0.5307467057101025 0.0078125 0.016105417276720352
1 0.7734375 0.5534407027818448 0.0126953125 0.014641288433382138
1 0.81982421875 0.5497803806734992 0.0126953125 0.021961932650073207
1 0.8701171875 0.5527086383601757 0.021484375 0.017569546120058566
1 0.888671875 0.5475841874084919 0.0078125 0.014641288433382138
1 0.91357421875 0.5439238653001464 0.0185546875 0.01171303074670571
1 0.93359375 0.5431918008784773 0.0146484375 0.008784773060029283
1 0.951171875 0.5424597364568082 0.01171875 0.007320644216691069