1 0.10302734375 0.6910688140556369 0.083984375 0.08052708638360176
1 0.1123046875 0.5739385065885798 0.013671875 0.01903367496339678
1 0.22021484375 0.568814055636896 0.0224609375 0.016105417276720352
1 0.24365234375 0.5951683748169839 0.0205078125 0.016105417276720352
1 0.294921875 0.6486090775988287 0.1015625 0.10834553440702782
1 0.2734375 0.58199121522694 0.01953125 0.010248901903367497
1 0.39111328125 0.5988286969253295 0.0244140625 0.016105417276720352
1 0.57373046875 0.5658857979502196 0.0126953125 0.016105417276720352
1 0.62353515625 0.5197657393850659 0.0244140625 0.024890190336749635
1 0.63037109375 0.5475841874084919 0.025390625 0.020497803806734993
1 0.6337890625 0.5080527086383602 0.0087890625 0.01171303074670571
1 0.6435546875 0.5161054172767203 0.0087890625 0.017569546120058566
1 0.775390625 0.5248901903367497 0.013671875 0.016105417276720352
1 0.8212890625 0.5161054172767203 0.013671875 0.02342606149341142
1 0.87158203125 0.513909224011713 0.0224609375 0.020497803806734993
1 0.89013671875 0.5065885797950219 0.0087890625 0.016105417276720352
1 0.91455078125 0.5007320644216691 0.01953125 0.013177159590043924
1 0.9345703125 0.4978038067349927 0.0146484375 0.010248901903367497
1 0.9521484375 0.49487554904831627 0.01171875 0.008784773060029283