1 0.3802083333333333 0.619140625 0.08984375 0.0595703125
1 0.14322916666666666 0.61572265625 0.052083333333333336 0.037109375
1 0.2109375 0.6044921875 0.033854166666666664 0.0361328125
1 0.3880208333333333 0.5625 0.024739583333333332 0.013671875
1 0.421875 0.5673828125 0.013020833333333334 0.009765625
1 0.435546875 0.56396484375 0.009114583333333334 0.0068359375
1 0.4772135416666667 0.5703125 0.033854166666666664 0.01171875
1 0.49609375 0.5751953125 0.037760416666666664 0.021484375
1 0.52734375 0.5673828125 0.01953125 0.013671875
1 0.5598958333333334 0.611328125 0.052083333333333336 0.0361328125
1 0.5540364583333334 0.57958984375 0.022135416666666668 0.0244140625
1 0.685546875 0.60986328125 0.045572916666666664 0.0390625