1 0.369140625 0.61279296875 0.09505208333333333 0.064453125
1 0.13346354166666666 0.5966796875 0.055989583333333336 0.0400390625
1 0.20182291666666666 0.58935546875 0.037760416666666664 0.0380859375
1 0.3821614583333333 0.556640625 0.026041666666666668 0.0146484375
1 0.416015625 0.56298828125 0.014322916666666666 0.0107421875
1 0.4296875 0.560546875 0.009114583333333334 0.0068359375
1 0.470703125 0.56884765625 0.03515625 0.013671875
1 0.4889322916666667 0.57470703125 0.0390625 0.0234375
1 0.5208333333333334 0.56884765625 0.020833333333333332 0.0146484375
1 0.5494791666666666 0.6142578125 0.0546875 0.0390625
1 0.5462239583333334 0.58203125 0.024739583333333332 0.025390625
1 0.6751302083333334 0.619140625 0.049479166666666664 0.041015625