1 0.8537109375 0.51728 0.1871289062499999 0.28822000000000003
1 0.580078125 0.5845 0.13916015625 0.30676
1 0.92822265625 0.2735 0.05013671874999992 0.09644000000000005
1 0.70556640625 0.674 0.1412402343750001 0.16961999999999988
1 0.5458984375 0.27326 0.07421875 0.15988
1 0.467529296875 0.6485 0.1473437500000001 0.24625999999999998
1 0.35107421875 0.41625999999999996 0.129638671875 0.2223800000000001
1 0.47412109375 0.43526 0.06475585937499995 0.21925999999999998
1 0.44384765625 0.28476 0.057499999999999996 0.12305999999999995
1 0.364990234375 0.311 0.07367187500000005 0.08181999999999993
1 0.7021484375 0.279 0.03409179687500008 0.09031999999999994
1 0.87646484375 0.285 0.029755859375000027 0.09731999999999993
1 0.37939453125 0.5765 0.11358398437499995 0.17088000000000012
1 0.487060546875 0.28376 0.05050781250000003 0.13662