1 0.85009765625 0.605 0.203125 0.332
1 0.57421875 0.604 0.15625 0.34
1 0.9384765625 0.382 0.0556640625 0.108
1 0.69384765625 0.724 0.150390625 0.204
1 0.55908203125 0.286 0.0830078125 0.178
1 0.458984375 0.639 0.1611328125 0.282
1 0.35693359375 0.38 0.1416015625 0.254
1 0.47802734375 0.429 0.0771484375 0.234
1 0.45703125 0.272 0.064453125 0.136
1 0.37744140625 0.279 0.078125 0.1
1 0.7138671875 0.331 0.0390625 0.098
1 0.88623046875 0.381 0.03515625 0.104
1 0.3759765625 0.546 0.123046875 0.198
1 0.5 0.282 0.05859375 0.148