1 0.48125976562499995 0.7293088235294117 0.07075195312500004 0.1543088235294117
1 0.70267578125 0.6071470588235295 0.06831054687500004 0.12492647058823536
1 0.326904296875 0.6834558823529412 0.100341796875 0.21452941176470605
1 0.223515625 0.6709558823529411 0.06744140624999995 0.1637941176470588
1 0.16357421875 0.6488970588235294 0.045781249999999996 0.14310294117647052
1 0.77734375 0.6294117647058823 0.06475585937499995 0.14227941176470588
1 0.84130859375 0.6305147058823529 0.07586914062500005 0.16011764705882353
1 0.92626953125 0.6132352941176471 0.09222656250000005 0.1655294117647058
1 0.55517578125 0.6183823529411765 0.04913085937499995 0.1458676470588236
1 0.62525390625 0.6058823529411764 0.08464843750000006 0.13758823529411757
1 0.281982421875 0.6643382352941176 0.04296875 0.16323529411764706
1 0.156005859375 0.5852941176470589 0.05520507812499997 0.07536764705882353
1 0.20556640625 0.5830882352941177 0.05331054687500003 0.0745441176470589
1 0.67236328125 0.5625 0.04671874999999992 0.09199999999999992
1 0.39599609375 0.6702205882352941 0.04183593750000003 0.0993529411764705
1 0.8564453125 0.5617647058823529 0.05856445312500003 0.08516176470588231
1 0.31298828125 0.6003676470588235 0.030566406249999956 0.0331176470588235
1 0.523955078125 0.5469852941176471 0.056113281250000036 0.04867647058823533
1 0.52181640625 0.634235294117647 0.05184570312499992 0.12583823529411756