1 0.4970703125 0.7308823529411764 0.0810546875 0.16470588235294117
1 0.708984375 0.575 0.076171875 0.13529411764705881
1 0.3408203125 0.7095588235294118 0.1142578125 0.22941176470588234
1 0.23681640625 0.7132352941176471 0.078125 0.17352941176470588
1 0.17578125 0.700735294117647 0.0556640625 0.15
1 0.78466796875 0.5852941176470589 0.07421875 0.1514705882352941
1 0.8486328125 0.575735294117647 0.0869140625 0.17058823529411765
1 0.931640625 0.5455882352941176 0.103515625 0.17941176470588235
1 0.56298828125 0.6088235294117647 0.05859375 0.15294117647058825
1 0.6318359375 0.5852941176470589 0.09375 0.15
1 0.29443359375 0.6977941176470588 0.0537109375 0.16911764705882354
1 0.16357421875 0.6389705882352941 0.060546875 0.0838235294117647
1 0.212890625 0.6286764705882353 0.05859375 0.08235294117647059
1 0.67578125 0.5352941176470588 0.052734375 0.09852941176470588
1 0.408203125 0.6852941176470588 0.048828125 0.10588235294117647
1 0.85888671875 0.5051470588235294 0.064453125 0.09411764705882353
1 0.32080078125 0.6294117647058823 0.0322265625 0.03823529411764706
1 0.52685546875 0.5426470588235294 0.0595703125 0.057352941176470586
1 0.53125 0.6301470588235294 0.060546875 0.1338235294117647