1 0.5159642401021711 0.876953125 0.29118773946360155 0.234375
1 0.2962962962962963 0.880859375 0.21711366538952745 0.23828125
1 0.12452107279693486 0.859375 0.2413793103448276 0.28125
1 0.8913920817369093 0.82123046875 0.2113920817369093 0.28132812499999993
1 0.7543422733077905 0.884072265625 0.15818646232439323 0.22208007812500008
1 0.6631800766283524 0.779111328125 0.1990293742017879 0.16425781250000004
1 0.7763346104725415 0.730146484375 0.21137931034482757 0.1507812500000001
1 0.8493358876117496 0.660849609375 0.15487867177522346 0.12714843750000004
1 0.7372158365261814 0.63994140625 0.12085568326947652 0.08296875000000004
1 0.6326309067688378 0.647265625 0.1356704980842912 0.08590820312500003
1 0.5214048531289911 0.6641796875 0.14332056194125162 0.07749023437499991
1 0.1856832694763729 0.708740234375 0.1857215836526181 0.10172851562500007
1 0.29639846743295023 0.71265625 0.13051085568326948 0.10758789062500007
1 0.4165772669220945 0.74734375 0.13307790549169865 0.13591796875000006
1 0.040025542784163474 0.6855859375 0.08005108556832695 0.07573242187499996
1 0.323882503192848 0.635439453125 0.14200510855683268 0.06655273437500009
1 0.4776883780332056 0.61892578125 0.13871008939974458 0.07027343750000004
1 0.8463856960408684 0.580712890625 0.09683269476372916 0.04897460937500009