1 0.5919540229885057 0.86865234375 0.33588761174968074 0.2626953125
1 0.3767560664112388 0.884765625 0.26309067688378035 0.23046875
1 0.20178799489144317 0.873046875 0.2962962962962963 0.25390625
1 0.909323116219668 0.7705078125 0.18135376756066413 0.302734375
1 0.8295019157088123 0.84912109375 0.20178799489144317 0.23828125
1 0.7183908045977011 0.75634765625 0.22988505747126436 0.1865234375
1 0.8199233716475096 0.6943359375 0.24010217113665389 0.173828125
1 0.8780332056194126 0.6171875 0.17879948914431673 0.14453125
1 0.7630906768837803 0.60986328125 0.13665389527458494 0.0966796875
1 0.6609195402298851 0.62939453125 0.15197956577266922 0.1015625
1 0.5549169859514687 0.65966796875 0.15708812260536398 0.09375
1 0.23243933588761176 0.74365234375 0.20434227330779056 0.123046875
1 0.34227330779054915 0.734375 0.15070242656449553 0.1220703125
1 0.46807151979565775 0.75439453125 0.15964240102171137 0.150390625
1 0.08365261813537675 0.73828125 0.09450830140485313 0.083984375
1 0.3537675606641124 0.65478515625 0.1532567049808429 0.0830078125
1 0.5025542784163474 0.6201171875 0.15197956577266922 0.0859375
1 0.8588761174968071 0.5380859375 0.10600255427841634 0.0595703125