1 0.4326171875 0.27654867256637167 0.021484375 0.029498525073746312
1 0.447265625 0.3075221238938053 0.041015625 0.03392330383480826
1 0.115234375 0.7131268436578171 0.1279296875 0.0943952802359882
1 0.169921875 0.8008849557522124 0.1240234375 0.061946902654867256
1 0.2705078125 0.41297935103244837 0.0234375 0.04424778761061947
1 0.291015625 0.34882005899705015 0.03515625 0.032448377581120944
1 0.31689453125 0.42035398230088494 0.04296875 0.04424778761061947
1 0.55712890625 0.7234513274336283 0.2939453125 0.3554572271386431
1 0.50732421875 0.37831858407079644 0.0380859375 0.03687315634218289
1 0.751953125 0.803834808259587 0.10546875 0.09144542772861357
1 0.751953125 0.7138643067846607 0.0947265625 0.07374631268436578