1 0.4541015625 0.26474926253687314 0.0244140625 0.03392330383480826
1 0.46533203125 0.29867256637168144 0.0439453125 0.04277286135693215
1 0.09912109375 0.6305309734513275 0.1357421875 0.12094395280235988
1 0.1455078125 0.7286135693215339 0.12890625 0.08702064896755163
1 0.28076171875 0.36578171091445427 0.02734375 0.048672566371681415
1 0.30712890625 0.306047197640118 0.0380859375 0.03982300884955752
1 0.326171875 0.3827433628318584 0.046875 0.05309734513274336
1 0.5361328125 0.7330383480825958 0.32421875 0.4144542772861357
1 0.5185546875 0.3812684365781711 0.041015625 0.04424778761061947
1 0.7216796875 0.8539823008849557 0.11328125 0.11209439528023599
1 0.72998046875 0.7647492625368731 0.1005859375 0.09292035398230089