1 0.005859375 0.6907552083333334 0.01171875 0.016927083333333332
1 0.04931640625 0.724609375 0.0419921875 0.059895833333333336
1 0.15185546875 0.7233072916666666 0.037109375 0.029947916666666668
1 0.1650390625 0.6998697916666666 0.0263671875 0.016927083333333332
1 0.21435546875 0.7233072916666666 0.0458984375 0.028645833333333332
1 0.29833984375 0.7018229166666666 0.01953125 0.02734375
1 0.31640625 0.703125 0.013671875 0.02734375
1 0.33056640625 0.7096354166666666 0.0205078125 0.024739583333333332
1 0.3798828125 0.7076822916666666 0.0234375 0.0234375
1 0.39306640625 0.7721354166666666 0.0400390625 0.07421875
1 0.3837890625 0.6888020833333334 0.0166015625 0.013020833333333334
1 0.40771484375 0.7649739583333334 0.056640625 0.07161458333333333
1 0.41259765625 0.7265625 0.0185546875 0.03125
1 0.43701171875 0.701171875 0.025390625 0.020833333333333332
1 0.5849609375 0.8059895833333334 0.044921875 0.08723958333333333
1 0.654296875 0.71875 0.0224609375 0.022135416666666668
1 0.70263671875 0.7220052083333334 0.0166015625 0.020833333333333332
1 0.77587890625 0.7897135416666666 0.0478515625 0.10026041666666667
1 0.80078125 0.7200520833333334 0.025390625 0.020833333333333332
1 0.80908203125 0.802734375 0.0400390625 0.08984375
1 0.90966796875 0.7220052083333334 0.0146484375 0.015625
1 0.94580078125 0.7493489583333334 0.02734375 0.032552083333333336
1 0.958984375 0.7955729166666666 0.0419921875 0.07421875