1 0.00732421875 0.7032031249999999 0.0146484375 0.016927083333333332
1 0.052509765624999996 0.7349869791666667 0.041171875 0.059244791666666664
1 0.15484375 0.7311588541666666 0.0366796875 0.028567708333333403
1 0.16748046875 0.7076822916666666 0.0263671875 0.016927083333333332
1 0.217392578125 0.7302083333333332 0.04532226562499997 0.027630208333333368
1 0.30078125 0.7063802083333334 0.01953125 0.02734375
1 0.3193359375 0.7076822916666666 0.013671875 0.02734375
1 0.33349609375 0.7135416666666666 0.020263671875 0.0244140625
1 0.382587890625 0.7107161458333334 0.022734374999999973 0.022343750000000107
1 0.396484375 0.7746614583333334 0.0390625 0.07341145833333347
1 0.386171875 0.6916536458333334 0.016484374999999996 0.012539062500000142
1 0.4111328125 0.7669270833333334 0.0556640625 0.0703125
1 0.415751953125 0.728515625 0.01773437499999997 0.03084635416666674
1 0.4396484375 0.7023177083333333 0.02481445312499997 0.0205078125
1 0.588984375 0.8039192708333333 0.043701171875 0.08675781249999985
1 0.6572265625 0.7151432291666667 0.022343750000000107 0.02225260416666656
1 0.70568359375 0.7175651041666667 0.016357421875 0.02042968750000007
1 0.77978515625 0.7832812499999999 0.04651367187500011 0.09945312500000014
1 0.803623046875 0.7131901041666667 0.025029296875000107 0.019817708333333368
1 0.81298828125 0.7955729166666666 0.0390625 0.08854166666666667
1 0.912734375 0.7122395833333334 0.014921874999999973 0.015625
1 0.9487890625 0.7386848958333333 0.02734375 0.032552083333333336
1 0.962890625 0.78515625 0.041015625 0.07291666666666667