1 0.56005859375 0.49744525547445256 0.03284179687500011 0.046029197080291934
1 0.9609375 0.5277372262773723 0.026259765625000098 0.05560583941605844
1 0.7197265625 0.5240875912408759 0.04131835937499995 0.05242335766423353
1 0.775390625 0.4824817518248175 0.01919921875000008 0.0226131386861314
1 0.6484375 0.5138686131386861 0.04751953125000008 0.05059854014598535
1 0.9267578125 0.5335766423357664 0.03494140624999997 0.062452554744525504
1 0.22205078125 0.4583941605839416 0.013535156250000013 0.017547445255474425
1 0.436767578125 0.4989051094890511 0.02774414062499997 0.04680291970802912
1 0.12494140625 0.4886861313868613 0.034306640624999996 0.04772262773722636
1 0.23779296875 0.47664233576642334 0.014785156249999987 0.03573722627737229
1 0.404052734375 0.4686131386861314 0.018291015625000018 0.024058394160583967
1 0.057919921875 0.5364963503649635 0.0609765625 0.07764963503649643
1 0.280029296875 0.48722627737226276 0.03108398437500004 0.03829197080291973
1 0.1385546875 0.45985401459854014 0.010654296875000024 0.020700729927007226
1 0.77490234375 0.439051094890511 0.01652343750000007 0.022963503649635064
1 0.222412109375 0.4492700729927007 0.013066406249999996 0.014291970802919655
1 0.8095703125 0.5302919708029197 0.04788085937499997 0.06373722627737222
1 0.71484375 0.4383211678832117 0.016093750000000018 0.021270072992700804
1 0.80615234375 0.46897810218978103 0.02816406249999992 0.03494890510948913
1 0.414306640625 0.5441605839416058 0.03409179687499997 0.08252554744525543
1 0.330322265625 0.4386861313868613 0.008876953125000031 0.01655474452554749
1 0.471923828125 0.46824817518248174 0.014736328125000031 0.02618978102189789
1 0.8359375 0.4492700729927007 0.02165039062500007 0.0226131386861314
1 0.977529296875 0.5364963503649635 0.04494140624999998 0.060948905109489054
1 0.352294921875 0.5065693430656935 0.024189453124999982 0.05456934306569342
1 0.76220703125 0.5124087591240876 0.03506835937500008 0.04534306569343058
1 0.4873046875 0.5036496350364964 0.02001953125 0.04331386861313863
1 0.76220703125 0.454014598540146 0.022031249999999947 0.027824817518248095
1 0.081787109375 0.46313868613138687 0.02128906250000001 0.029591240875912382
1 0.188359375 0.47007299270072994 0.013066406249999996 0.027664233576642404
1 0.85498046875 0.5175182481751824 0.022509765624999956 0.04578102189781024
1 0.457763671875 0.47664233576642334 0.015839843750000027 0.023153284671532867
1 0.175537109375 0.481021897810219 0.016337890625000018 0.04456934306569339
1 0.096376953125 0.4660583941605839 0.016923828124999984 0.027985401459853954
1 0.69775390625 0.504014598540146 0.03515625 0.04274452554744521
1 0.6748046875 0.4470802919708029 0.014667968749999982 0.02805839416058398
1 0.70361328125 0.4324817518248175 0.019169921875000107 0.019474452554744573
1 0.115361328125 0.46715328467153283 0.014287109374999996 0.01795620437956198
1 0.173095703125 0.8058394160583942 0.1279296875 0.1721751824817519
1 0.6152734375 0.9026131386861314 0.16677734374999997 0.1857372262773723
1 0.656376953125 0.7400437956204379 0.1875976562499999 0.1901167883211679