1 0.56005859375 0.5065693430656935 0.0361328125 0.051094890510948905
1 0.95654296875 0.5992700729927007 0.0302734375 0.059854014598540145
1 0.716796875 0.5583941605839416 0.044921875 0.058394160583941604
1 0.77490234375 0.5255474452554745 0.0205078125 0.024817518248175182
1 0.646484375 0.5372262773722628 0.05078125 0.058394160583941604
1 0.921875 0.6 0.0390625 0.06715328467153285
1 0.2265625 0.4153284671532847 0.0146484375 0.01897810218978102
1 0.43701171875 0.48905109489051096 0.03125 0.051094890510948905
1 0.1279296875 0.4299270072992701 0.037109375 0.052554744525547446
1 0.24072265625 0.43576642335766425 0.017578125 0.03795620437956204
1 0.40673828125 0.454014598540146 0.01953125 0.026277372262773723
1 0.0576171875 0.46715328467153283 0.06640625 0.08613138686131387
1 0.2822265625 0.45328467153284674 0.033203125 0.042335766423357665
1 0.1435546875 0.40364963503649637 0.01171875 0.021897810218978103
1 0.77783203125 0.4824817518248175 0.017578125 0.024817518248175182
1 0.2275390625 0.4058394160583942 0.013671875 0.016058394160583942
1 0.8056640625 0.5788321167883211 0.0517578125 0.07153284671532846
1 0.7177734375 0.47226277372262776 0.017578125 0.02335766423357664
1 0.806640625 0.5167883211678832 0.0302734375 0.03941605839416058
1 0.41162109375 0.5306569343065694 0.0400390625 0.08759124087591241
1 0.33544921875 0.4124087591240876 0.009765625 0.017518248175182483
1 0.47412109375 0.4642335766423358 0.0166015625 0.027737226277372264
1 0.83740234375 0.5021897810218978 0.0234375 0.026277372262773723
1 0.97216796875 0.6109489051094891 0.048828125 0.06715328467153285
1 0.3525390625 0.4832116788321168 0.0283203125 0.058394160583941604
1 0.759765625 0.5532846715328467 0.0380859375 0.051094890510948905
1 0.4873046875 0.5014598540145986 0.0224609375 0.04671532846715328
1 0.76416015625 0.4948905109489051 0.0234375 0.030656934306569343
1 0.08642578125 0.3978102189781022 0.0234375 0.032116788321167884
1 0.1923828125 0.4218978102189781 0.0146484375 0.029197080291970802
1 0.85205078125 0.572992700729927 0.025390625 0.049635036496350364
1 0.45947265625 0.47007299270072994 0.017578125 0.024817518248175182
1 0.1787109375 0.4306569343065693 0.01953125 0.04671532846715328
1 0.10107421875 0.4029197080291971 0.0185546875 0.030656934306569343
1 0.6962890625 0.535036496350365 0.0380859375 0.04817518248175182
1 0.677734375 0.4744525547445255 0.0166015625 0.030656934306569343
1 0.70703125 0.464963503649635 0.0205078125 0.021897810218978103
1 0.11962890625 0.4072992700729927 0.015625 0.020437956204379562
1 0.1533203125 0.7532846715328467 0.1396484375 0.19124087591240876
1 0.58642578125 0.9065693430656935 0.1787109375 0.18686131386861313
1 0.638671875 0.7635036496350365 0.2001953125 0.21897810218978103