1 0.68408203125 0.4851694915254237 0.31640625 0.3290960451977401
1 0.40625 0.3785310734463277 0.4248046875 0.5734463276836158
1 0.17724609375 0.5501412429378532 0.3544921875 0.7584745762711864
1 0.2470703125 0.7457627118644068 0.017578125 0.00423728813559322
1 0.013671875 0.4159604519774011 0.02734375 0.08615819209039548
1 0.64453125 0.21468926553672316 0.447265625 0.4293785310734463
1 0.23046875 0.11228813559322035 0.2431640625 0.1751412429378531
1 0.1005859375 0.7443502824858758 0.201171875 0.5112994350282486
1 0.06005859375 0.2189265536723164 0.1201171875 0.3022598870056497
1 0.4130859375 0.18926553672316385 0.228515625 0.23163841807909605
1 0.4736328125 0.8898305084745762 0.17578125 0.22033898305084745
1 0.63671875 0.8227401129943502 0.2392578125 0.346045197740113
1 0.85693359375 0.7718926553672316 0.2861328125 0.3771186440677966
1 0.88330078125 0.4286723163841808 0.2333984375 0.4336158192090395
1 0.9248046875 0.2641242937853107 0.140625 0.3093220338983051
1 0.9501953125 0.7351694915254238 0.099609375 0.3827683615819209