1 0.68408203125 0.5176553672316384 0.294921875 0.2796610169491525
1 0.4169921875 0.3629943502824859 0.384765625 0.5098870056497176
1 0.162109375 0.4915254237288136 0.32421875 0.7062146892655368
1 0.22802734375 0.6991525423728814 0.017578125 0.0014124293785310734
1 0.017578125 0.3298022598870056 0.03515625 0.08050847457627118
1 0.66796875 0.23728813559322035 0.4189453125 0.3700564971751412
1 0.26513671875 0.06779661016949153 0.2333984375 0.13559322033898305
1 0.07958984375 0.6998587570621468 0.1591796875 0.5437853107344632
1 0.06787109375 0.1405367231638418 0.1357421875 0.2810734463276836
1 0.43994140625 0.1765536723163842 0.2138671875 0.19491525423728814
1 0.43994140625 0.8926553672316384 0.1591796875 0.21468926553672316
1 0.6083984375 0.844632768361582 0.21484375 0.3107344632768362
1 0.841796875 0.8347457627118644 0.28125 0.3305084745762712
1 0.89306640625 0.4985875706214689 0.2138671875 0.3983050847457627
1 0.94140625 0.3403954802259887 0.1171875 0.2909604519774011
1 0.9462890625 0.8163841807909604 0.107421875 0.3672316384180791