1 0.17041015625 0.5906432748538012 0.146484375 0.19005847953216373
1 0.891279296875 0.6040204678362573 0.05471679687499997 0.15847953216374266
1 0.57353515625 0.6183333333333333 0.044238281249999956 0.12023391812865498
1 0.292490234375 0.6183333333333333 0.056933593749999956 0.12988304093567257
1 0.73388671875 0.6085526315789473 0.05108398437499995 0.15204678362573099
1 0.79345703125 0.6081871345029239 0.05126953125 0.15260233918128654
1 0.3505859375 0.6034356725146199 0.05843750000000003 0.14811403508771923
1 0.4033203125 0.6023391812865497 0.05645507812499995 0.15505847953216367
1 0.490966796875 0.6312134502923976 0.04793945312499992 0.10096491228070167
1 0.447998046875 0.5986842105263158 0.05282226562500003 0.16593567251461988
1 0.52734375 0.6008771929824561 0.06268554687500005 0.1608187134502924
1 0.66845703125 0.597953216374269 0.06304687499999995 0.17214912280701755
1 0.6103515625 0.5932017543859649 0.0634765625 0.17964912280701753