1 0.17138671875 0.5994152046783626 0.1484375 0.19444444444444445
1 0.892578125 0.5935672514619883 0.056640625 0.15935672514619884
1 0.57470703125 0.6162280701754386 0.0458984375 0.12134502923976608
1 0.2939453125 0.6235380116959064 0.05859375 0.13157894736842105
1 0.7353515625 0.6023391812865497 0.052734375 0.15350877192982457
1 0.79443359375 0.6001461988304093 0.052734375 0.15350877192982457
1 0.35205078125 0.6074561403508771 0.060546875 0.14912280701754385
1 0.404296875 0.60453216374269 0.05859375 0.1564327485380117
1 0.49267578125 0.631578947368421 0.048828125 0.1023391812865497
1 0.44921875 0.6001461988304093 0.0546875 0.16666666666666666
1 0.5283203125 0.6001461988304093 0.064453125 0.16228070175438597
1 0.66943359375 0.5935672514619883 0.0654296875 0.1739766081871345
1 0.611328125 0.5906432748538012 0.0654296875 0.18128654970760233