1 0.154296875 0.42431640625 0.09375 0.076171875
1 0.408203125 0.35400390625 0.06770833333333333 0.0439453125
1 0.3346354166666667 0.7607421875 0.4140625 0.478515625
1 0.5442708333333334 0.3203125 0.0390625 0.0244140625
1 0.521484375 0.32861328125 0.032552083333333336 0.033203125
1 0.4088541666666667 0.32373046875 0.03125 0.021484375
1 0.5514322916666666 0.3486328125 0.0703125 0.0390625
1 0.3313802083333333 0.35302734375 0.044270833333333336 0.033203125
1 0.3763020833333333 0.34326171875 0.033854166666666664 0.03125
1 0.3515625 0.326171875 0.03125 0.0224609375
1 0.4388020833333333 0.32080078125 0.041666666666666664 0.021484375
1 0.21875 0.39599609375 0.11848958333333333 0.068359375
1 0.2897135416666667 0.33642578125 0.032552083333333336 0.0244140625
1 0.19140625 0.34228515625 0.026041666666666668 0.0283203125
1 0.8463541666666666 0.287109375 0.026041666666666668 0.0185546875
1 0.054036458333333336 0.4208984375 0.10677083333333333 0.0869140625