1 0.14192708333333334 0.470703125 0.109375 0.0869140625
1 0.3756510416666667 0.3681640625 0.07682291666666667 0.0517578125
1 0.3971354166666667 0.7578125 0.5182291666666666 0.484375
1 0.501953125 0.3173828125 0.044270833333333336 0.029296875
1 0.4817708333333333 0.32861328125 0.040364583333333336 0.037109375
1 0.369140625 0.33837890625 0.03515625 0.025390625
1 0.515625 0.34423828125 0.078125 0.0478515625
1 0.3001302083333333 0.37744140625 0.05078125 0.0380859375
1 0.341796875 0.36181640625 0.040364583333333336 0.03515625
1 0.3138020833333333 0.34814453125 0.036458333333333336 0.0263671875
1 0.3984375 0.33154296875 0.045572916666666664 0.0263671875
1 0.19921875 0.43408203125 0.1328125 0.0830078125
1 0.2552083333333333 0.3662109375 0.037760416666666664 0.0283203125
1 0.15950520833333334 0.384765625 0.032552083333333336 0.03125
1 0.7916666666666666 0.2451171875 0.029947916666666668 0.021484375
1 0.052083333333333336 0.4794921875 0.10416666666666667 0.099609375