1 0.684384765625 0.8269791666666667 0.3089746093749999 0.31377604166666667
1 0.91822265625 0.8002213541666667 0.13994140624999996 0.1925651041666668
1 0.696650390625 0.6369791666666668 0.161630859375 0.14358072916666664
1 0.78845703125 0.6094661458333334 0.09524414062499997 0.11312499999999999
1 0.875810546875 0.562421875 0.14103515625000007 0.11799479166666667
1 0.739755859375 0.5071875 0.06424804687499996 0.1429427083333333
1 0.67458984375 0.5388151041666667 0.05501953124999992 0.07598958333333335
1 0.609140625 0.5529427083333334 0.10714843750000003 0.08861979166666674
1 0.10405273437500001 0.7933463541666667 0.171748046875 0.25466145833333326
1 0.25810546875 0.8919010416666667 0.23765625 0.1727864583333334
1 0.261962890625 0.7428515625 0.258525390625 0.27634114583333336
1 0.281796875 0.6654296875 0.1055859375 0.10527343750000002