1 0.6435546875 0.8365885416666666 0.341796875 0.3268229166666667
1 0.8779296875 0.8834635416666666 0.1611328125 0.21875
1 0.67822265625 0.6764322916666666 0.1767578125 0.17578125
1 0.77197265625 0.66796875 0.107421875 0.13151041666666666
1 0.86376953125 0.6399739583333334 0.1533203125 0.14583333333333334
1 0.73583984375 0.5572916666666666 0.080078125 0.15494791666666666
1 0.66796875 0.5748697916666666 0.0634765625 0.0859375
1 0.6015625 0.5748697916666666 0.1162109375 0.109375
1 0.0869140625 0.7063802083333334 0.173828125 0.2877604166666667
1 0.21533203125 0.8365885416666666 0.2548828125 0.22005208333333334
1 0.236328125 0.6901041666666666 0.2880859375 0.3268229166666667
1 0.26513671875 0.6178385416666666 0.1162109375 0.12630208333333334