1 0.09326171875 0.7622377622377622 0.0703125 0.2097902097902098
1 0.1484375 0.7097902097902098 0.0693359375 0.20745920745920746
1 0.16357421875 0.6480186480186481 0.0849609375 0.17715617715617715
1 0.2421875 0.6655011655011654 0.076171875 0.19347319347319347
1 0.373046875 0.5874125874125874 0.0615234375 0.17715617715617715
1 0.46435546875 0.6060606060606061 0.072265625 0.1864801864801865
1 0.50830078125 0.5629370629370629 0.0673828125 0.17482517482517482
1 0.57861328125 0.5897435897435898 0.076171875 0.22144522144522144
1 0.646484375 0.5396270396270396 0.0966796875 0.16083916083916083
1 0.74169921875 0.5023310023310024 0.0908203125 0.13986013986013987
1 0.78564453125 0.45454545454545453 0.0927734375 0.13986013986013987
1 0.8251953125 0.48484848484848486 0.095703125 0.14219114219114218
1 0.8876953125 0.4603729603729604 0.10546875 0.19347319347319347