1 0.087890625 0.710955710955711 0.06640625 0.20279720279720279
1 0.144482421875 0.6653846153846154 0.0654296875 0.20044289044289046
1 0.16064453125 0.6060606060606061 0.0810546875 0.16783216783216784
1 0.23876953125 0.6328671328671329 0.072265625 0.18414918414918416
1 0.37109375 0.5710955710955711 0.0576171875 0.17016317016317017
1 0.4619140625 0.6013986013986014 0.068359375 0.17715617715617715
1 0.5068359375 0.5641025641025641 0.0634765625 0.16783216783216784
1 0.57666015625 0.5990675990675991 0.0712890625 0.21212121212121213
1 0.64529296875 0.5581585081585081 0.09349609375000001 0.1489510489510489
1 0.7412109375 0.5326340326340326 0.087890625 0.1282051282051282
1 0.7861328125 0.49067599067599066 0.08984375 0.1282051282051282
1 0.8251953125 0.5256410256410257 0.0927734375 0.13053613053613053
1 0.88818359375 0.5093240093240093 0.1015625 0.18181818181818182