1 0.353408203125 0.5708333333333333 0.07127929687500001 0.08688802083333336
1 0.2001953125 0.5397135416666666 0.06640625 0.10807291666666667
1 0.201171875 0.49609375 0.0478515625 0.03125
1 0.220703125 0.55859375 0.0771484375 0.09635416666666667
1 0.21923828125 0.5032552083333334 0.0634765625 0.041666666666666664
1 0.3251953125 0.4388020833333333 0.03515625 0.022135416666666668
1 0.3388671875 0.5286458333333334 0.041015625 0.036458333333333336
1 0.341796875 0.453125 0.0478515625 0.022135416666666668
1 0.33837890625 0.4010416666666667 0.0302734375 0.022135416666666668
1 0.36767578125 0.5462239583333334 0.03515625 0.0859375
1 0.400390625 0.5149739583333334 0.0390625 0.049479166666666664
1 0.4150390625 0.49609375 0.0390625 0.036458333333333336
1 0.43017578125 0.4759114583333333 0.0283203125 0.03125
1 0.45556640625 0.462890625 0.037109375 0.026041666666666668
1 0.45439453125 0.47682291666666665 0.03516601562499999 0.05027343750000002
1 0.4921875 0.48046875 0.0439453125 0.026041666666666668
1 0.5380859375 0.4557291666666667 0.044921875 0.02734375
1 0.5478515625 0.5514322916666666 0.0546875 0.07161458333333333
1 0.55029296875 0.4322916666666667 0.0234375 0.022135416666666668
1 0.56640625 0.5709635416666666 0.052734375 0.0546875
1 0.56884765625 0.52734375 0.052734375 0.048177083333333336
1 0.59794921875 0.4630208333333334 0.04006835937499997 0.02812500000000003
1 0.619140625 0.533203125 0.0615234375 0.057291666666666664
1 0.635546875 0.516015625 0.03498046874999994 0.03204427083333335
1 0.6640625 0.5423177083333334 0.0595703125 0.036458333333333336
1 0.69140625 0.5169270833333334 0.05859375 0.046875
1 0.701171875 0.4798177083333333 0.0390625 0.033854166666666664
1 0.7138671875 0.45703125 0.044921875 0.02734375