1 0.3564453125 0.5807291666666666 0.07421875 0.09114583333333333
1 0.2021484375 0.560546875 0.0703125 0.11197916666666667
1 0.20166015625 0.5169270833333334 0.048828125 0.03515625
1 0.22314453125 0.578125 0.0810546875 0.1015625
1 0.2197265625 0.5227864583333334 0.0654296875 0.045572916666666664
1 0.3232421875 0.451171875 0.0361328125 0.024739583333333332
1 0.34033203125 0.5397135416666666 0.0419921875 0.0390625
1 0.34033203125 0.4641927083333333 0.048828125 0.026041666666666668
1 0.33447265625 0.4127604166666667 0.03125 0.024739583333333332
1 0.36962890625 0.5553385416666666 0.0380859375 0.08854166666666667
1 0.40087890625 0.5221354166666666 0.041015625 0.052083333333333336
1 0.4150390625 0.501953125 0.0400390625 0.0390625
1 0.42919921875 0.4811197916666667 0.029296875 0.032552083333333336
1 0.4541015625 0.4661458333333333 0.0380859375 0.028645833333333332
1 0.45361328125 0.4798177083333333 0.037109375 0.052083333333333336
1 0.4912109375 0.4811197916666667 0.044921875 0.028645833333333332
1 0.5361328125 0.453125 0.0458984375 0.029947916666666668
1 0.5498046875 0.5481770833333334 0.0576171875 0.07552083333333333
1 0.54736328125 0.4290364583333333 0.0244140625 0.0234375
1 0.5693359375 0.56640625 0.0546875 0.05859375
1 0.56982421875 0.5227864583333334 0.0546875 0.052083333333333336
1 0.59619140625 0.4563802083333333 0.041015625 0.03125
1 0.6201171875 0.5247395833333334 0.0634765625 0.061197916666666664
1 0.63623046875 0.5065104166666666 0.0361328125 0.033854166666666664
1 0.66552734375 0.5305989583333334 0.060546875 0.040364583333333336
1 0.69189453125 0.5032552083333334 0.060546875 0.05078125
1 0.7001953125 0.4654947916666667 0.0400390625 0.036458333333333336
1 0.7119140625 0.4420572916666667 0.0458984375 0.029947916666666668