1 0.28318359375 0.7073270440251572 0.1259765625 0.23113207547169812
1 0.49990234375 0.8975943396226416 0.19379882812500004 0.20479559748427673
1 0.38716796875 0.8508647798742138 0.134267578125 0.2982704402515724
1 0.707783203125 0.8491037735849056 0.15599609375 0.2873427672955975
1 0.78505859375 0.7356446540880504 0.08529296874999992 0.30606918238993724
1 0.606806640625 0.7884591194968553 0.11721679687499997 0.38589622641509425
1 0.494541015625 0.737814465408805 0.10953124999999997 0.25062893081761023
1 0.6919140625 0.682688679245283 0.05843749999999992 0.1346383647798742
1 0.7266796875 0.647437106918239 0.04641601562499997 0.1559905660377359
1 0.531025390625 0.5820440251572327 0.044677734375 0.08643081761006294
1 0.474365234375 0.5060691823899371 0.04486328125000005 0.05441823899371071