1 0.27880859375 0.6949685534591195 0.130859375 0.23742138364779874
1 0.49072265625 0.8946540880503144 0.1982421875 0.21069182389937108
1 0.37939453125 0.8443396226415094 0.140625 0.3050314465408805
1 0.7001953125 0.8561320754716981 0.162109375 0.28773584905660377
1 0.77978515625 0.7515723270440252 0.091796875 0.3113207547169811
1 0.6005859375 0.7940251572327044 0.1259765625 0.3915094339622642
1 0.4892578125 0.7374213836477987 0.115234375 0.2562893081761006
1 0.68798828125 0.6933962264150944 0.0615234375 0.13836477987421383
1 0.72314453125 0.660377358490566 0.0498046875 0.15880503144654087
1 0.529296875 0.5841194968553459 0.046875 0.08962264150943396
1 0.47412109375 0.5047169811320755 0.0458984375 0.05660377358490566