1 0.87841796875 0.6588541666666666 0.1484375 0.16927083333333334
1 0.5478515625 0.630859375 0.1435546875 0.14453125
1 0.5439453125 0.5494791666666666 0.150390625 0.1328125
1 0.26513671875 0.9583333333333334 0.1201171875 0.08333333333333333
1 0.16064453125 0.9563802083333334 0.1142578125 0.08723958333333333
1 0.10107421875 0.943359375 0.1533203125 0.11328125
1 0.77099609375 0.6575520833333334 0.0615234375 0.19791666666666666
1 0.87841796875 0.8131510416666666 0.2158203125 0.2890625
1 0.74853515625 0.8216145833333334 0.15234375 0.3567708333333333
1 0.6484375 0.7330729166666666 0.103515625 0.3541666666666667
1 0.576171875 0.7747395833333334 0.1015625 0.2682291666666667
1 0.4775390625 0.7897135416666666 0.1015625 0.2838541666666667
1 0.3740234375 0.6809895833333334 0.2568359375 0.21875
1 0.7548828125 0.2864583333333333 0.1484375 0.20833333333333334
1 0.64501953125 0.3509114583333333 0.1875 0.18359375
1 0.53662109375 0.3235677083333333 0.0966796875 0.140625
1 0.3291015625 0.34765625 0.1201171875 0.12890625
1 0.4462890625 0.3450520833333333 0.0361328125 0.09765625
1 0.96630859375 0.234375 0.064453125 0.09375