1 0.85498046875 0.7356770833333334 0.166015625 0.19791666666666666
1 0.53173828125 0.6393229166666666 0.1591796875 0.17317708333333334
1 0.53759765625 0.5579427083333334 0.1640625 0.16276041666666666
1 0.21435546875 0.9036458333333334 0.1279296875 0.10677083333333333
1 0.111328125 0.8802083333333334 0.123046875 0.109375
1 0.068359375 0.8541666666666666 0.13671875 0.14322916666666666
1 0.7490234375 0.7122395833333334 0.083984375 0.20833333333333334
1 0.83642578125 0.861328125 0.2470703125 0.27734375
1 0.70751953125 0.8385416666666666 0.1923828125 0.3229166666666667
1 0.619140625 0.7610677083333334 0.1435546875 0.37109375
1 0.54296875 0.787109375 0.1318359375 0.2864583333333333
1 0.44384765625 0.78125 0.1337890625 0.3020833333333333
1 0.3544921875 0.65234375 0.279296875 0.26953125
1 0.77685546875 0.3424479166666667 0.1708984375 0.23697916666666666
1 0.66064453125 0.3828125 0.20703125 0.22005208333333334
1 0.556640625 0.3333333333333333 0.1123046875 0.15885416666666666
1 0.34912109375 0.3138020833333333 0.1337890625 0.15234375
1 0.46533203125 0.3359375 0.046875 0.10416666666666667
1 0.97705078125 0.333984375 0.0458984375 0.10546875