1 0.1123046875 0.15144596651445966 0.1337890625 0.1171993911719939
1 0.72607421875 0.5517503805175038 0.2587890625 0.4977168949771689
1 0.1650390625 0.3264840182648402 0.09375 0.1689497716894977
1 0.3095703125 0.4140030441400304 0.06426757812499995 0.21290715372907154
1 0.394287109375 0.36777777777777776 0.07305664062499995 0.167138508371385
1 0.2255859375 0.22754946727549466 0.086181640625 0.11910197869101978
1 0.351806640625 0.2378234398782344 0.06683593750000005 0.0733942161339422
1 0.57861328125 0.2332572298325723 0.05941406249999992 0.08637747336377473
1 0.238408203125 0.3481735159817352 0.06732421875000005 0.12566210045662093
1 0.5478515625 0.2838660578386606 0.04025390625000003 0.10054794520547945
1 0.252685546875 0.18484018264840182 0.04525390625000003 0.0547945205479452
1 0.311767578125 0.3124048706240487 0.090087890625 0.1173972602739726
1 0.4599609375 0.30613394216133943 0.028447265624999996 0.0718721461187215
1 0.307861328125 0.23117199391171994 0.06634765625000005 0.08232876712328772
1 0.255615234375 0.3961187214611872 0.07068359375 0.1171993911719939
1 0.57568359375 0.2480974124809741 0.0478515625 0.0547945205479452
1 0.365478515625 0.4056316590563166 0.04629882812499997 0.06520547945205485
1 0.496337890625 0.29585996955859967 0.05459960937500008 0.04984779299847793