1 0.1572265625 0.0639269406392694 0.14453125 0.1278538812785388
1 0.716796875 0.6118721461187214 0.310546875 0.5601217656012176
1 0.189453125 0.23820395738203956 0.111328125 0.1917808219178082
1 0.322265625 0.3637747336377473 0.0869140625 0.2267884322678843
1 0.41064453125 0.3409436834094368 0.0908203125 0.1841704718417047
1 0.26025390625 0.15753424657534246 0.09765625 0.1400304414003044
1 0.38330078125 0.20167427701674276 0.07421875 0.0898021308980213
1 0.60693359375 0.258751902587519 0.068359375 0.1004566210045662
1 0.25927734375 0.2800608828006088 0.080078125 0.1415525114155251
1 0.5712890625 0.2998477929984779 0.05078125 0.1095890410958904
1 0.29150390625 0.12252663622526636 0.05078125 0.0654490106544901
1 0.33544921875 0.2640791476407915 0.1015625 0.1400304414003044
1 0.48193359375 0.2983257229832572 0.0361328125 0.0791476407914764
1 0.3408203125 0.18340943683409436 0.07421875 0.0989345509893455
1 0.27099609375 0.3318112633181126 0.0830078125 0.1339421613394216
1 0.6025390625 0.2724505327245053 0.0537109375 0.0669710806697108
1 0.3779296875 0.3706240487062405 0.052734375 0.076103500761035
1 0.51904296875 0.2983257229832572 0.0595703125 0.0639269406392694