0 0.21435546875 0.3607871720116618 0.0654296875 0.048104956268221574
0 0.295537109375 0.4113848396501457 0.0859375 0.10349854227405247
0 0.32353515625 0.3612390670553936 0.0625 0.05830903790087463
0 0.293193359375 0.33408163265306123 0.0751953125 0.0728862973760933
0 0.444677734375 0.37934402332361516 0.08150390625000004 0.09195335276967936
0 0.38525390625 0.3892128279883382 0.0966796875 0.09037900874635568
0 0.43171875 0.4311807580174927 0.10213867187500003 0.08193877551020413
0 0.42138671875 0.47959183673469385 0.1435546875 0.11078717201166181
0 0.43603515625 0.5408163265306123 0.1943359375 0.12244897959183673
0 0.4443359375 0.5983965014577259 0.21875 0.14431486880466474
0 0.2880859375 0.5349854227405247 0.107421875 0.2099125364431487
0 0.2333984375 0.45626822157434405 0.08984375 0.12244897959183673
0 0.159931640625 0.4266326530612245 0.07330078125 0.11067055393586
0 0.13873046875 0.5272594752186589 0.066533203125 0.1546793002915452
0 0.074833984375 0.539067055393586 0.087490234375 0.15857142857142853
0 0.73044921875 0.20540816326530612 0.018115234374999956 0.027434402332361506
0 0.70759765625 0.21030612244897962 0.015166015624999973 0.02465014577259479
0 0.65173828125 0.25752186588921283 0.05739257812499998 0.05928571428571431
0 0.61865234375 0.28425655976676384 0.0654296875 0.06705539358600583
0 0.6015625 0.29008746355685133 0.06640625 0.0641399416909621
0 0.576767578125 0.2953206997084548 0.07693359374999997 0.07701166180758015
0 0.505869140625 0.30581632653061225 0.05329101562499994 0.0734985422740525
0 0.59216796875 0.3609620991253644 0.09323242187500003 0.11195335276967923
0 0.535205078125 0.38450437317784253 0.1141210937499999 0.11851311953352762
0 0.56591796875 0.7973760932944607 0.4150390625 0.40524781341107874
0 0.609306640625 0.24317784256559766 0.0526269531250001 0.03142857142857143
0 0.6276171875 0.28074344023323616 0.08557617187499988 0.07581632653061224
0 0.226923828125 0.36309037900874636 0.05305664062500004 0.07330903790087466