0 0.2177734375 0.3462099125364432 0.06640625 0.05102040816326531
0 0.2978515625 0.4008746355685131 0.087890625 0.10787172011661808
0 0.32666015625 0.3520408163265306 0.0634765625 0.061224489795918366
0 0.29736328125 0.3236151603498542 0.0771484375 0.07725947521865889
0 0.44775390625 0.37682215743440234 0.083984375 0.09620991253644315
0 0.3876953125 0.38338192419825073 0.0986328125 0.09475218658892129
0 0.43359375 0.42784256559766765 0.103515625 0.08746355685131195
0 0.421875 0.4752186588921283 0.146484375 0.11807580174927114
0 0.43505859375 0.5371720116618076 0.197265625 0.1326530612244898
0 0.44189453125 0.5954810495626822 0.2216796875 0.15597667638483964
0 0.28759765625 0.5240524781341108 0.1123046875 0.21574344023323616
0 0.234375 0.4424198250728863 0.0927734375 0.12682215743440234
0 0.16162109375 0.40889212827988336 0.076171875 0.11370262390670553
0 0.13818359375 0.5087463556851312 0.0703125 0.15743440233236153
0 0.07421875 0.5167638483965015 0.0908203125 0.16326530612244897
0 0.7373046875 0.21793002915451895 0.0185546875 0.027696793002915453
0 0.71435546875 0.22157434402332363 0.015625 0.02478134110787172
0 0.6572265625 0.2653061224489796 0.05859375 0.06268221574344024
0 0.62353515625 0.29081632653061223 0.0673828125 0.06997084548104957
0 0.6064453125 0.29518950437317787 0.0673828125 0.06705539358600583
0 0.58154296875 0.29956268221574345 0.0791015625 0.08163265306122448
0 0.51025390625 0.30612244897959184 0.0546875 0.07580174927113703
0 0.59521484375 0.36588921282798836 0.095703125 0.11661807580174927
0 0.5380859375 0.38629737609329445 0.1171875 0.1239067055393586
0 0.55859375 0.793002915451895 0.423828125 0.4139941690962099
0 0.615234375 0.24927113702623907 0.0537109375 0.033527696793002916
0 0.6328125 0.28717201166180756 0.0869140625 0.08017492711370262
0 0.23046875 0.3491253644314869 0.0546875 0.07580174927113703