1 0.89794921875 0.5729166666666666 0.10546875 0.15364583333333334
1 0.345703125 0.740234375 0.2158203125 0.20833333333333334
1 0.431640625 0.712890625 0.1943359375 0.1953125
1 0.70263671875 0.646484375 0.1416015625 0.16536458333333334
1 0.94677734375 0.5670572916666666 0.1064453125 0.17317708333333334
1 0.61376953125 0.6673177083333334 0.1083984375 0.15625
1 0.40771484375 0.6608072916666666 0.0810546875 0.045572916666666664
1 0.21875 0.7819010416666666 0.1279296875 0.16276041666666666
1 0.7939453125 0.6171875 0.13671875 0.17057291666666666
1 0.900390625 0.5221354166666666 0.0693359375 0.049479166666666664
1 0.07275390625 0.8092447916666666 0.09375 0.17057291666666666
1 0.5185546875 0.7063802083333334 0.1142578125 0.14973958333333334
1 0.529296875 0.630859375 0.0732421875 0.0390625