1 0.88037109375 0.6731770833333334 0.087890625 0.13411458333333334
1 0.31396484375 0.6966145833333334 0.1962890625 0.16145833333333334
1 0.40234375 0.69140625 0.17578125 0.15364583333333334
1 0.677734375 0.6953125 0.1240234375 0.13671875
1 0.9423828125 0.6829427083333334 0.1142578125 0.14713541666666666
1 0.587890625 0.693359375 0.0908203125 0.13541666666666666
1 0.38623046875 0.6341145833333334 0.0791015625 0.026041666666666668
1 0.18359375 0.705078125 0.1103515625 0.13671875
1 0.77197265625 0.6901041666666666 0.1181640625 0.14322916666666666
1 0.8896484375 0.6236979166666666 0.0654296875 0.033854166666666664
1 0.03662109375 0.6946614583333334 0.0732421875 0.15494791666666666
1 0.48876953125 0.70703125 0.09765625 0.12760416666666666
1 0.51025390625 0.6360677083333334 0.0712890625 0.020833333333333332