1 0.1572265625 0.8020833333333334 0.080078125 0.125
1 0.32958984375 0.3997395833333333 0.17578125 0.24739583333333334
1 0.2431640625 0.251953125 0.185546875 0.20052083333333334
1 0.1318359375 0.642578125 0.0771484375 0.1640625
1 0.22509765625 0.498046875 0.16015625 0.20703125
1 0.1279296875 0.154296875 0.1396484375 0.17708333333333334
1 0.27099609375 0.6725260416666666 0.197265625 0.22916666666666666
1 0.2080078125 0.9010416666666666 0.0869140625 0.19270833333333334
1 0.328125 0.880859375 0.232421875 0.23828125
1 0.59619140625 0.736328125 0.3251953125 0.5247395833333334
1 0.1494140625 0.8893229166666666 0.0458984375 0.08072916666666667
1 0.17919921875 0.4485677083333333 0.0576171875 0.07942708333333333
1 0.20947265625 0.3828125 0.072265625 0.10026041666666667
1 0.1162109375 0.28125 0.056640625 0.09375
1 0.44677734375 0.57421875 0.21875 0.3502604166666667
1 0.24267578125 0.10807291666666667 0.09375 0.11197916666666667
1 0.1083984375 0.3548177083333333 0.0498046875 0.078125