1 0.135478515625 0.7527994791666667 0.07157226562500002 0.11554687500000001
1 0.338544921875 0.37666666666666665 0.158681640625 0.22699218750000005
1 0.263935546875 0.21760416666666668 0.17282226562500003 0.17796875
1 0.1224609375 0.5907291666666667 0.06505859375 0.15598958333333326
1 0.22693359375 0.4599609375 0.1463671875 0.18717447916666666
1 0.157109375 0.10466145833333333 0.12744140625 0.16055989583333333
1 0.258544921875 0.6393229166666666 0.18212890625 0.205078125
1 0.17810546875 0.8580729166666666 0.07275390625 0.18391927083333334
1 0.298095703125 0.873046875 0.21435546875 0.24641927083333334
1 0.5771484375 0.7486979166666666 0.28857421875 0.4876302083333333
1 0.120732421875 0.8385416666666666 0.04025390625000003 0.07569010416666681
1 0.184814453125 0.4039713541666667 0.05184570312500003 0.07291666666666667
1 0.22021484375 0.3430989583333333 0.06537109375000005 0.09122395833333326
1 0.135498046875 0.22884114583333334 0.050048828125 0.0869921875
1 0.441162109375 0.5660807291666666 0.1947070312500001 0.3248697916666667
1 0.274658203125 0.07401041666666668 0.08661132812500005 0.10075520833333333
1 0.12201171875 0.30127604166666666 0.04443359375 0.07197916666666664