1 0.026767578125 0.8052132049518569 0.03205078125 0.02583218707015127
1 0.01818359375 0.7675378266850069 0.016376953125000003 0.016506189821182942
1 0.024033203125 0.7604676753782669 0.013779296875 0.015213204951856872
1 0.0484765625 0.7620907840440164 0.009208984375000007 0.012874828060522559
1 0.163310546875 0.7643053645116918 0.010996093749999991 0.013411279229711142
1 0.177822265625 0.7643603851444293 0.009033203125 0.016506189821182942
1 0.21388671875 0.7651444291609354 0.012373046875000016 0.012104539202200762
1 0.225634765625 0.7659972489683631 0.009667968749999978 0.013425034387895449
1 0.2460546875 0.8163686382393398 0.037187499999999984 0.0343878954607978
1 0.35818359375 0.7883906464924346 0.017236328124999978 0.017248968363136125
1 0.4045703125 0.8011004126547455 0.010400390624999978 0.013438789546079756
1 0.439677734375 0.7833562585969739 0.013662109375000009 0.009917469050894136
1 0.48404296875 0.7763961485557085 0.01301757812500004 0.012200825309490909
1 0.52783203125 0.8954607977991746 0.0302734375 0.0453920220082531
1 0.55728515625 0.7840440165061898 0.014960937499999938 0.016506189821182942
1 0.57080078125 0.7819807427785419 0.0126953125 0.02063273727647868
1 0.6162109375 0.7843466299862448 0.009960937500000044 0.0181568088033013
1 0.665732421875 0.8951444291609353 0.05802734375000007 0.05713892709766157
1 0.691298828125 0.7848005502063273 0.014853515625000036 0.02489683631361748
1 0.73046875 0.8378266850068776 0.02613281249999999 0.03742778541953237
1 0.734755859375 0.7807565337001375 0.008232421875000062 0.016327372764786643
1 0.76263671875 0.8908665749656121 0.04187500000000011 0.03894085281980735
1 0.77404296875 0.8012379642365888 0.021484375 0.026134800550206328
1 0.801875 0.818363136176066 0.01636718749999999 0.01636863823933988
1 0.83056640625 0.8218707015130674 0.0146484375 0.01925722145804677
1 0.852587890625 0.8275240715268226 0.014531250000000107 0.019243466299862462
1 0.89212890625 0.8465749656121045 0.02059570312499992 0.035873452544704164
1 0.918447265625 0.8525997248968363 0.015625 0.026134800550206328