1 0.07177734375 0.9160935350756534 0.03515625 0.033012379642365884
1 0.05859375 0.8810178817056397 0.0185546875 0.02063273727647868
1 0.0634765625 0.8727647867950481 0.015625 0.017881705639614855
1 0.087890625 0.8686382393397524 0.0107421875 0.015130674002751032
1 0.201171875 0.842503438789546 0.0126953125 0.016506189821182942
1 0.21533203125 0.8390646492434664 0.0107421875 0.017881705639614855
1 0.2509765625 0.8308115543328748 0.013671875 0.015130674002751032
1 0.2626953125 0.828748280605227 0.0107421875 0.015130674002751032
1 0.2890625 0.8734525447042641 0.041015625 0.04264099037138927
1 0.39599609375 0.8184319119669876 0.01953125 0.02063273727647868
1 0.443359375 0.8198074277854195 0.01171875 0.015130674002751032
1 0.4755859375 0.7936726272352133 0.0146484375 0.013755158184319119
1 0.5185546875 0.7757909215955984 0.0146484375 0.015130674002751032
1 0.576171875 0.8823933975240715 0.03515625 0.052269601100412656
1 0.59130859375 0.765474552957359 0.0166015625 0.01925722145804677
1 0.6044921875 0.7606602475928473 0.0146484375 0.023383768913342505
1 0.6494140625 0.7517193947730398 0.01171875 0.02063273727647868
1 0.7119140625 0.8486932599724897 0.064453125 0.07015130674002751
1 0.7236328125 0.7338376891334251 0.017578125 0.027510316368638238
1 0.7685546875 0.7764786795048143 0.0302734375 0.04264099037138927
1 0.765625 0.71939477303989 0.009765625 0.017881705639614855
1 0.806640625 0.8204951856946355 0.0458984375 0.048143053645116916
1 0.80712890625 0.7297111416781293 0.0244140625 0.03163686382393398
1 0.83642578125 0.7400275103163686 0.0185546875 0.02063273727647868
1 0.865234375 0.7359009628610729 0.0166015625 0.02200825309491059
1 0.8876953125 0.7365887207702888 0.0166015625 0.02200825309491059
1 0.9287109375 0.7455295735900963 0.0244140625 0.039889958734525444
1 0.95556640625 0.7448418156808804 0.0185546875 0.02888583218707015