1 0.65576171875 0.5143229166666666 0.0830078125 0.28515625
1 0.26171875 0.27421875 0.0732421875 0.09505208333333333
1 0.462744140625 0.29680989583333334 0.0927734375 0.10546875
1 0.16650390625 0.3743489583333333 0.2275390625 0.17057291666666666
1 0.112548828125 0.2831640625 0.1181640625 0.08203125
1 0.15087890625 0.35546875 0.232421875 0.13671875
1 0.2353515625 0.412109375 0.1982421875 0.16145833333333334
1 0.14208984375 0.5755208333333334 0.2841796875 0.1640625
1 0.23388671875 0.7981770833333334 0.4677734375 0.4036458333333333
1 0.9033203125 0.5983072916666666 0.1015625 0.3346354166666667
1 0.90283203125 0.845703125 0.1943359375 0.2734375
1 0.9560546875 0.3704427083333333 0.087890625 0.16666666666666666
1 0.1240234375 0.4140625 0.1796875 0.14192708333333334
1 0.509755859375 0.2961328125 0.087890625 0.11979166666666667
1 0.77001953125 0.341796875 0.099609375 0.12369791666666667
1 0.31201171875 0.6087239583333334 0.1806640625 0.15625
1 0.36376953125 0.4654947916666667 0.1240234375 0.12760416666666666
1 0.48095703125 0.20052083333333334 0.0712890625 0.048177083333333336
1 0.4111328125 0.748046875 0.2236328125 0.22916666666666666
1 0.9580078125 0.20247395833333334 0.083984375 0.048177083333333336
1 0.583984375 0.49609375 0.11328125 0.24869791666666666
1 0.4375 0.4694010416666667 0.119140625 0.16145833333333334
1 0.404296875 0.576171875 0.1884765625 0.08072916666666667
1 0.40380859375 0.6302083333333334 0.1279296875 0.06640625
1 0.33447265625 0.537109375 0.1123046875 0.049479166666666664
1 0.2158203125 0.533203125 0.1162109375 0.08854166666666667
1 0.470703125 0.15950520833333334 0.0283203125 0.04296875
1 0.49072265625 0.3782552083333333 0.068359375 0.07421875
1 0.174150390625 0.6887890625 0.34146484375 0.16147135416666666
1 0.53466796875 0.396484375 0.0791015625 0.08203125
1 0.6591796875 0.8053385416666666 0.388671875 0.22786458333333334
1 0.71841796875 0.5176432291666667 0.09552734374999994 0.2813281250000001
1 0.78779296875 0.54078125 0.0592187500000001 0.30132812499999995
1 0.83498046875 0.5510286458333332 0.08281249999999996 0.29325520833333335