1 0.65625 0.4928385416666667 0.1044921875 0.2955729166666667
1 0.2451171875 0.30859375 0.080078125 0.10416666666666667
1 0.44677734375 0.3033854166666667 0.1005859375 0.1171875
1 0.15869140625 0.4212239583333333 0.2392578125 0.20182291666666666
1 0.09765625 0.3385416666666667 0.1240234375 0.09765625
1 0.1416015625 0.4049479166666667 0.2421875 0.16796875
1 0.22998046875 0.44921875 0.2099609375 0.18880208333333334
1 0.14990234375 0.625 0.2958984375 0.203125
1 0.25830078125 0.8001302083333334 0.4970703125 0.3997395833333333
1 0.90869140625 0.5416666666666666 0.126953125 0.3463541666666667
1 0.91015625 0.7877604166666666 0.1796875 0.2994791666666667
1 0.943359375 0.3072916666666667 0.1005859375 0.17838541666666666
1 0.119140625 0.466796875 0.189453125 0.16666666666666666
1 0.49365234375 0.2955729166666667 0.0966796875 0.13151041666666666
1 0.75634765625 0.3053385416666667 0.1083984375 0.13671875
1 0.32177734375 0.6341145833333334 0.1923828125 0.18098958333333334
1 0.36181640625 0.484375 0.1337890625 0.14453125
1 0.45751953125 0.205078125 0.07421875 0.057291666666666664
1 0.43115234375 0.7591145833333334 0.240234375 0.2591145833333333
1 0.93212890625 0.13997395833333334 0.0869140625 0.059895833333333336
1 0.5830078125 0.484375 0.1318359375 0.2630208333333333
1 0.435546875 0.478515625 0.130859375 0.17708333333333334
1 0.41064453125 0.5891927083333334 0.193359375 0.10677083333333333
1 0.41455078125 0.642578125 0.1328125 0.08333333333333333
1 0.33837890625 0.5598958333333334 0.115234375 0.06510416666666667
1 0.22021484375 0.5729166666666666 0.1220703125 0.10416666666666667
1 0.4443359375 0.16536458333333334 0.03125 0.046875
1 0.4814453125 0.3802083333333333 0.07421875 0.08333333333333333
1 0.19091796875 0.7330729166666666 0.3525390625 0.20833333333333334
1 0.5263671875 0.3919270833333333 0.0849609375 0.09244791666666667
1 0.68212890625 0.78125 0.404296875 0.28125
1 0.71875 0.4869791666666667 0.1171875 0.29296875
1 0.78955078125 0.5006510416666666 0.08203125 0.3072916666666667
1 0.8369140625 0.50390625 0.10546875 0.3033854166666667