1 0.333857421875 0.32319587628865976 0.03643554687499995 0.09823269513991162
1 0.3801171875 0.32796759941089837 0.04963867187500004 0.09515463917525775
1 0.33015625 0.7460972017673049 0.037402343749999956 0.1066863033873344
1 0.67365234375 0.32586156111929304 0.04358398437500011 0.09936671575846838
1 0.438720703125 0.3322974963181149 0.06008789062499997 0.09278350515463918
1 0.56005859375 0.33450662739322534 0.06143554687500008 0.09195876288659802
1 0.66357421875 0.7584683357879234 0.03918945312500011 0.10337260677466871
1 0.435546875 0.7687776141384389 0.06143554687499997 0.0884536082474226
1 0.62060546875 0.3328424153166421 0.06231445312499995 0.0949042709867453
1 0.5 0.33541973490427096 0.06051757812500003 0.0921354933726067
1 0.556640625 0.7709867452135494 0.0615234375 0.08979381443298973
1 0.61669921875 0.7680412371134021 0.061767578125 0.09471281296023557
1 0.495361328125 0.7717231222385862 0.06292968750000005 0.0899705449189984
1 0.37646484375 0.7643593519882179 0.05889648437499995 0.09384388807069223