1 0.35693359375 0.2820324005891016 0.046875 0.10603829160530191
1 0.40185546875 0.29896907216494845 0.0595703125 0.10603829160530191
1 0.30419921875 0.6980854197349042 0.048828125 0.11487481590574374
1 0.69091796875 0.374079528718704 0.0546875 0.10898379970544919
1 0.458984375 0.31885125184094254 0.0703125 0.10751104565537556
1 0.578125 0.35272459499263625 0.0712890625 0.10603829160530191
1 0.63134765625 0.7974963181148749 0.05078125 0.11192930780559647
1 0.40576171875 0.748159057437408 0.0703125 0.10309278350515463
1 0.63818359375 0.36671575846833576 0.072265625 0.11045655375552282
1 0.51904296875 0.3379970544918999 0.0703125 0.10603829160530191
1 0.5244140625 0.7820324005891016 0.0712890625 0.10456553755522828
1 0.583984375 0.7945508100147275 0.0712890625 0.10898379970544919
1 0.46435546875 0.7665684830633285 0.072265625 0.10456553755522828
1 0.34814453125 0.7282768777614138 0.068359375 0.10751104565537556