1 0.23388671875 0.7109375 0.3916015625 0.4859375
1 0.50146484375 0.659375 0.380859375 0.5546875
1 0.813310546875 0.35159375000000004 0.13424804687500003 0.09040625000000002
1 0.942431640625 0.2945625 0.09597656249999997 0.10525000000000002
1 0.76001953125 0.262890625 0.0916601562499999 0.08856250000000002
1 0.73513671875 0.29309375000000004 0.05867187499999993 0.061203125000000025
1 0.668837890625 0.264984375 0.05407226562499989 0.07567187500000001
1 0.61177734375 0.36025 0.135009765625 0.20037500000000003
1 0.507685546875 0.303953125 0.0731347656250001 0.09021875000000001
1 0.446181640625 0.31448437500000004 0.06440429687500004 0.10396875000000003
1 0.35916015625 0.27942187500000004 0.028603515624999964 0.07320312500000004
1 0.39638671875 0.27340624999999996 0.022734374999999973 0.07303125000000002
1 0.239697265625 0.3366875 0.05833007812500002 0.058171875000000026
1 0.15064453125 0.30621875 0.06765624999999997 0.08257812500000003
1 0.1601171875 0.34296875 0.07593749999999999 0.05607812499999998
1 0.1969140625 0.2836875 0.04481445312499999 0.03540625000000004
1 0.30986328125 0.28315625 0.04322265624999999 0.06082812500000001