1 0.251953125 0.740625 0.42578125 0.51875
1 0.513671875 0.6578125 0.419921875 0.625
1 0.7998046875 0.29140625 0.1396484375 0.115625
1 0.92333984375 0.21015625 0.103515625 0.1234375
1 0.740234375 0.2140625 0.09765625 0.10625
1 0.7177734375 0.2484375 0.0625 0.071875
1 0.64990234375 0.23359375 0.0595703125 0.0859375
1 0.60009765625 0.33984375 0.1494140625 0.225
1 0.49267578125 0.30390625 0.0791015625 0.103125
1 0.4326171875 0.3265625 0.072265625 0.115625
1 0.34326171875 0.30859375 0.0341796875 0.078125
1 0.3798828125 0.2953125 0.0283203125 0.0765625
1 0.22900390625 0.38828125 0.0625 0.06875
1 0.138671875 0.37578125 0.0732421875 0.0953125
1 0.15087890625 0.41015625 0.080078125 0.0703125
1 0.1826171875 0.34453125 0.046875 0.04375
1 0.294921875 0.321875 0.0478515625 0.06875