1 0.1259765625 0.4928385416666667 0.0859375 0.07942708333333333
1 0.13642578125 0.32968749999999997 0.04296875 0.037760416666666664
1 0.173828125 0.4830729166666667 0.0673828125 0.07291666666666667
1 0.206220703125 0.3373567708333333 0.0390625 0.02734375
1 0.231044921875 0.3125390625 0.03211914062499999 0.03134114583333333
1 0.36181640625 0.3268229166666667 0.0400390625 0.026041666666666668
1 0.384150390625 0.3108984375 0.02473632812500004 0.025416666666666643
1 0.4111328125 0.4498697916666667 0.060546875 0.07161458333333333
1 0.419375 0.26263020833333334 0.021484375 0.020833333333333332
1 0.4245703125 0.29563802083333335 0.023945312499999982 0.020963541666666696
1 0.43017578125 0.3255208333333333 0.029296875 0.028645833333333332
1 0.48681640625 0.5305989583333334 0.1171875 0.13802083333333334
1 0.45990234375 0.3607942708333333 0.044921875 0.04296875
1 0.4482421875 0.2545572916666667 0.01171875 0.015625
1 0.45361328125 0.2781640625 0.01953125 0.016927083333333332
1 0.47265625 0.23307291666666666 0.0146484375 0.024739583333333332
1 0.49609375 0.3404947916666667 0.02734375 0.01953125
1 0.529296875 0.33984375 0.037109375 0.024739583333333332
1 0.55982421875 0.365234375 0.02734375 0.033854166666666664
1 0.615234375 0.4348958333333333 0.06640625 0.06901041666666667
1 0.6943359375 0.4466145833333333 0.0703125 0.037760416666666664
1 0.697265625 0.4231770833333333 0.056640625 0.033854166666666664
1 0.72509765625 0.4798177083333333 0.0615234375 0.07942708333333333
1 0.740234375 0.3639322916666667 0.044921875 0.03125
1 0.7763671875 0.396484375 0.0791015625 0.05859375