1 0.13134765625 0.4147135416666667 0.09375 0.09635416666666667
1 0.16064453125 0.255859375 0.046875 0.046875
1 0.1796875 0.4153645833333333 0.0751953125 0.0859375
1 0.22900390625 0.2779947916666667 0.0419921875 0.03515625
1 0.25634765625 0.2584635416666667 0.03515625 0.037760416666666664
1 0.3837890625 0.3001302083333333 0.04296875 0.033854166666666664
1 0.40771484375 0.2890625 0.02734375 0.029947916666666668
1 0.41796875 0.431640625 0.068359375 0.08333333333333333
1 0.4482421875 0.24869791666666666 0.0234375 0.024739583333333332
1 0.44970703125 0.2825520833333333 0.0263671875 0.026041666666666668
1 0.45166015625 0.3131510416666667 0.0322265625 0.033854166666666664
1 0.4833984375 0.52734375 0.1318359375 0.16015625
1 0.4765625 0.3541666666666667 0.0498046875 0.052083333333333336
1 0.4775390625 0.24674479166666666 0.013671875 0.018229166666666668
1 0.47998046875 0.271484375 0.021484375 0.020833333333333332
1 0.50439453125 0.23046875 0.017578125 0.02734375
1 0.5146484375 0.341796875 0.029296875 0.024739583333333332
1 0.5478515625 0.34765625 0.0400390625 0.032552083333333336
1 0.57470703125 0.3795572916666667 0.03125 0.0390625
1 0.62158203125 0.4596354166666667 0.0732421875 0.08203125
1 0.6982421875 0.4876302083333333 0.07421875 0.052083333333333336
1 0.70361328125 0.4654947916666667 0.0595703125 0.045572916666666664
1 0.724609375 0.5266927083333334 0.0703125 0.09114583333333333
1 0.75341796875 0.416015625 0.0478515625 0.040364583333333336
1 0.78515625 0.455078125 0.0849609375 0.07421875