1 0.86078125 0.7494270833333333 0.2784277343750001 0.4340234374999999
1 0.53982421875 0.6423567708333333 0.283203125 0.40509114583333333
1 0.44216796875 0.17795572916666666 0.22244140624999997 0.29223958333333333
1 0.77853515625 0.22352864583333334 0.25065429687500007 0.2850130208333333
1 0.44970703125 0.4713541666666667 0.27490234375 0.3404947916666667
1 0.75927734375 0.5130208333333334 0.295654296875 0.3315494791666668
1 0.083623046875 0.775390625 0.16345703125 0.3356119791666667
1 0.57080078125 0.12963541666666667 0.2047167968750001 0.2566796875
1 0.18798828125 0.24544270833333334 0.244755859375 0.3434244791666667
1 0.125126953125 0.5328776041666666 0.2059375 0.26319010416666666
1 0.625 0.353515625 0.2418261718750001 0.2060546875
1 0.9267578125 0.4495442708333333 0.138916015625 0.275390625
1 0.2666015625 0.1259765625 0.17078125 0.24919270833333332
1 0.060087890625 0.10391927083333334 0.11474609375 0.20752604166666666
1 0.94677734375 0.15251302083333332 0.1019335937500001 0.2942708333333333
1 0.25146484375 0.6360677083333334 0.21240234375 0.2906901041666667
1 0.78564453125 0.051184895833333334 0.21240234375 0.10075520833333333
1 0.038115234375 0.19873697916666666 0.075009765625 0.251953125
1 0.9541015625 0.04984375 0.0885058593750001 0.0986328125
1 0.23681640625 0.044518229166666666 0.163701171875 0.08846354166666666