1 0.85400390625 0.7662760416666666 0.2900390625 0.4466145833333333
1 0.5361328125 0.6438802083333334 0.2939453125 0.41796875
1 0.45068359375 0.17578125 0.2294921875 0.3020833333333333
1 0.78564453125 0.23697916666666666 0.2578125 0.296875
1 0.45068359375 0.46875 0.283203125 0.3528645833333333
1 0.7587890625 0.525390625 0.3037109375 0.3450520833333333
1 0.0810546875 0.755859375 0.162109375 0.3424479166666667
1 0.58056640625 0.13346354166666666 0.2109375 0.265625
1 0.19482421875 0.23111979166666666 0.25390625 0.3541666666666667
1 0.12451171875 0.515625 0.212890625 0.2721354166666667
1 0.62890625 0.359375 0.2470703125 0.21744791666666666
1 0.92724609375 0.46875 0.1455078125 0.28125
1 0.27587890625 0.12174479166666667 0.1767578125 0.24348958333333334
1 0.07080078125 0.09505208333333333 0.1201171875 0.19010416666666666
1 0.9501953125 0.17317708333333334 0.099609375 0.2994791666666667
1 0.248046875 0.6243489583333334 0.2197265625 0.30078125
1 0.79736328125 0.064453125 0.21484375 0.11067708333333333
1 0.04638671875 0.177734375 0.08203125 0.2552083333333333
1 0.9599609375 0.07096354166666667 0.080078125 0.10286458333333333
1 0.2490234375 0.040364583333333336 0.166015625 0.08072916666666667