1 0.25927734375 0.38872620790629575 0.1455078125 0.06734992679355783
1 0.2109375 0.5812591508052709 0.1640625 0.2108345534407028
1 0.47998046875 0.5951683748169839 0.162109375 0.19619326500732065
1 0.66064453125 0.5234260614934114 0.126953125 0.1493411420204978
1 0.73583984375 0.54099560761347 0.140625 0.17423133235724744
1 0.893466796875 0.5282723279648609 0.15225585937500008 0.18543191800878475
1 0.251953125 0.5468521229868228 0.189453125 0.1683748169838946
1 0.36376953125 0.49487554904831627 0.1181640625 0.14641288433382138
1 0.62109375 0.45900439238653 0.0556640625 0.029282576866764276
1 0.697763671875 0.5318448023426061 0.155263671875 0.15885797950219618
1 0.04150390625 0.48316251830161056 0.08203125 0.10102489019033675
1 0.1943359375 0.46046852122986826 0.140625 0.08345534407027819
1 0.300693359375 0.42702781844802346 0.09900390625 0.03467057101024883
1 0.0576171875 0.37481698389458273 0.107421875 0.08638360175695461
1 0.5859375 0.5395314787701317 0.1328125 0.17862371888726208
1 0.484375 0.47364568081991215 0.1298828125 0.09370424597364568
1 0.154326171875 0.43912152269399707 0.1064453125 0.09493411420204982
1 0.1513671875 0.3814055636896047 0.0927734375 0.06149341142020498
1 0.4345703125 0.4224011713030747 0.05078125 0.016105417276720352
1 0.418056640625 0.4292679355783309 0.10270507812499996 0.05035139092240115
1 0.2685546875 0.4546120058565154 0.1279296875 0.06588579795021962
1 0.05615234375 0.4267935578330893 0.1103515625 0.0849194729136164
1 0.90513671875 0.5305856515373353 0.15240234374999995 0.17569546120058566
1 0.439755859375 0.49319180087847736 0.15564453125 0.15475841874084925
1 0.3955078125 0.4407027818448023 0.0322265625 0.02635431918008785
1 0.030859375 0.347891654465593 0.06171875 0.059707174231332316
1 0.854208984375 0.5393850658857979 0.1709960937499999 0.19579795021961935
1 0.73216796875 0.5407906295754027 0.13590820312500007 0.15677891654465598
1 0.651806640625 0.463411420204978 0.10049804687500008 0.09202049780380676