1 0.25146484375 0.43997071742313326 0.150390625 0.09663250366032211
1 0.22119140625 0.6405563689604685 0.181640625 0.2430453879941435
1 0.48876953125 0.5980966325036603 0.1787109375 0.22840409956076135
1 0.6611328125 0.48975109809663253 0.1396484375 0.17423133235724744
1 0.7373046875 0.4912152269399707 0.1552734375 0.2020497803806735
1 0.89208984375 0.4458272327964861 0.16796875 0.21522693997071743
1 0.2587890625 0.5980966325036603 0.203125 0.20644216691068815
1 0.36474609375 0.5234260614934114 0.130859375 0.1698389458272328
1 0.6162109375 0.4341142020497804 0.0576171875 0.040995607613469986
1 0.69873046875 0.4904831625183016 0.1689453125 0.1903367496339678
1 0.044921875 0.5783308931185944 0.08984375 0.1171303074670571
1 0.19384765625 0.5248901903367497 0.1474609375 0.11127379209370425
1 0.2958984375 0.46925329428989754 0.1015625 0.055636896046852125
1 0.0537109375 0.4685212298682284 0.107421875 0.10834553440702782
1 0.5888671875 0.5212298682284041 0.1484375 0.20497803806734993
1 0.48193359375 0.4773060029282577 0.1376953125 0.12005856515373353
1 0.15185546875 0.5117130307467057 0.1142578125 0.11566617862371889
1 0.1435546875 0.45534407027818447 0.09765625 0.08052708638360176
1 0.42822265625 0.43704245973645683 0.0517578125 0.02635431918008785
1 0.412109375 0.4472913616398243 0.1064453125 0.07174231332357248
1 0.2666015625 0.5036603221083455 0.1328125 0.09224011713030747
1 0.05615234375 0.5190336749633968 0.1123046875 0.10688140556368961
1 0.90380859375 0.4458272327964861 0.1669921875 0.20644216691068815
1 0.43994140625 0.5058565153733529 0.1689453125 0.18594436310395315
1 0.39111328125 0.4633967789165447 0.0341796875 0.032210834553440704
1 0.02734375 0.4472913616398243 0.0546875 0.07174231332357248
1 0.8544921875 0.46486090775988287 0.1875 0.22986822840409957
1 0.73388671875 0.49194729136163984 0.1494140625 0.18301610541727673
1 0.64697265625 0.43191800878477304 0.1083984375 0.11273792093704246