1 0.7138671875 0.5611702127659575 0.318359375 0.3058510638297872
1 0.44091796875 0.8663563829787234 0.193359375 0.2327127659574468
1 0.75146484375 0.8929521276595744 0.2080078125 0.21409574468085107
1 0.91064453125 0.8065159574468085 0.1494140625 0.324468085106383
1 0.9052734375 0.5305851063829787 0.1669921875 0.23803191489361702
1 0.66650390625 0.2393617021276596 0.076171875 0.1276595744680851
1 0.736328125 0.23470744680851063 0.0771484375 0.13962765957446807
1 0.802734375 0.24335106382978725 0.0634765625 0.10106382978723404
1 0.6728515625 0.15492021276595744 0.0546875 0.05585106382978723
1 0.9501953125 0.22672872340425532 0.0927734375 0.10505319148936171
1 0.8115234375 0.33311170212765956 0.1201171875 0.09574468085106383
1 0.90576171875 0.35904255319148937 0.162109375 0.11835106382978723