1 0.716796875 0.5357579787234042 0.3017578125 0.2709840425531915
1 0.46435546875 0.8716755319148937 0.1806640625 0.21143617021276595
1 0.7769140625 0.8739627659574468 0.1953125 0.21719414893617012
1 0.928818359375 0.756502659574468 0.13020507812499993 0.31027925531914885
1 0.90548828125 0.4824202127659574 0.15299804687500007 0.22015957446808504
1 0.6494140625 0.22089095744680853 0.068359375 0.1196808510638298
1 0.7183203125 0.207593085106383 0.0694433593749999 0.13150265957446808
1 0.785048828125 0.2083377659574468 0.0575097656250001 0.09456117021276597
1 0.6499609375 0.1359308510638298 0.05208007812499993 0.05023936170212766
1 0.930986328125 0.17434840425531917 0.0868066406250001 0.09456117021276597
1 0.799697265625 0.2969813829787234 0.11501953124999997 0.08273936170212762
1 0.895185546875 0.31175531914893617 0.15625 0.1004787234042554