1 0.56005859375 0.5201005025125628 0.154296875 0.3249581239530988
1 0.43212890625 0.8726968174204355 0.291015625 0.24309882747068695
1 0.2744140625 0.8819095477386935 0.25537109375 0.22467336683417102
1 0.42822265625 0.8345896147403685 0.10595703125 0.13557788944723628
1 0.089296875 0.871859296482412 0.174072265625 0.24644891122278076
1 0.263671875 0.7855946398659966 0.0810546875 0.17639865996649906
1 0.2069140625 0.8052763819095478 0.0965625 0.12123953098827489
1 0.07548828125 0.7420435510887772 0.07173828125000001 0.1804857621440536
1 0.14734375 0.716499162479062 0.0757421875 0.11087102177554448
1 0.029912109375 0.642680067001675 0.05982421875 0.07894472361809045
1 0.03728515624999999 0.7484422110552764 0.069248046875 0.16293132328308205
1 0.079013671875 0.6555443886097153 0.08522460937499998 0.08070351758793962