1 0.56103515625 0.5 0.1875 0.37018425460636517
1 0.474609375 0.8601340033500837 0.3125 0.2797319932998325
1 0.3203125 0.897822445561139 0.275390625 0.20435510887772193
1 0.466796875 0.8517587939698492 0.119140625 0.16750418760469013
1 0.13818359375 0.9246231155778895 0.1982421875 0.1507537688442211
1 0.2998046875 0.8576214405360134 0.099609375 0.19932998324958123
1 0.24609375 0.8953098827470687 0.1083984375 0.1507537688442211
1 0.1103515625 0.8768844221105527 0.0908203125 0.20100502512562815
1 0.177734375 0.8283082077051926 0.0869140625 0.13400335008375208
1 0.05419921875 0.7939698492462312 0.0673828125 0.09715242881072027
1 0.0732421875 0.8953098827470687 0.0859375 0.18257956448911222
1 0.10400390625 0.7906197654941374 0.0927734375 0.10720268006700168