1 0.3291015625 0.6779411764705883 0.0244140625 0.061764705882352944
1 0.2138671875 0.6779411764705883 0.0576171875 0.06323529411764706
1 0.2998046875 0.7220588235294118 0.037109375 0.13970588235294118
1 0.365234375 0.6911764705882353 0.09375 0.11470588235294117
1 0.4775390625 0.6352941176470588 0.068359375 0.08823529411764706
1 0.45947265625 0.7485294117647059 0.1748046875 0.2161764705882353
1 0.50146484375 0.8132352941176471 0.201171875 0.3338235294117647
1 0.376953125 0.7147058823529412 0.1064453125 0.24558823529411763
1 0.2880859375 0.8757352941176471 0.1826171875 0.2485294117647059
1 0.3203125 0.8455882352941176 0.2431640625 0.3088235294117647
1 0.15087890625 0.7213235294117647 0.03515625 0.052941176470588235
1 0.10791015625 0.7558823529411764 0.0634765625 0.08823529411764706
1 0.12255859375 0.8213235294117647 0.0673828125 0.15735294117647058
1 0.1875 0.7536764705882353 0.0498046875 0.10147058823529412
1 0.1806640625 0.8198529411764706 0.04296875 0.15294117647058825
1 0.57763671875 0.7661764705882353 0.1728515625 0.32794117647058824
1 0.65771484375 0.7580882352941176 0.25 0.3720588235294118
1 0.6552734375 0.5845588235294118 0.1328125 0.1161764705882353
1 0.73486328125 0.7125 0.1064453125 0.3029411764705882
1 0.75048828125 0.6757352941176471 0.232421875 0.27941176470588236
1 0.77587890625 0.5051470588235294 0.2080078125 0.16911764705882354
1 0.93798828125 0.4823529411764706 0.0732421875 0.2235294117647059
1 0.91357421875 0.6264705882352941 0.1708984375 0.32794117647058824
1 0.95361328125 0.6852941176470588 0.0927734375 0.36176470588235293
1 0.02880859375 0.7919117647058823 0.0400390625 0.0661764705882353