1 0.3095703125 0.6257352941176471 0.0322265625 0.06764705882352941
1 0.19677734375 0.5926470588235294 0.064453125 0.07794117647058824
1 0.275390625 0.6602941176470588 0.0537109375 0.14852941176470588
1 0.34326171875 0.649264705882353 0.1064453125 0.13970588235294118
1 0.4609375 0.6264705882352941 0.078125 0.10588235294117647
1 0.4287109375 0.7323529411764705 0.19921875 0.26176470588235295
1 0.4619140625 0.8073529411764706 0.240234375 0.38529411764705884
1 0.35205078125 0.6757352941176471 0.1357421875 0.27205882352941174
1 0.244140625 0.8080882352941177 0.2109375 0.29705882352941176
1 0.27978515625 0.7875 0.27734375 0.3735294117647059
1 0.12939453125 0.6169117647058824 0.041015625 0.061764705882352944
1 0.08251953125 0.638235294117647 0.0732421875 0.10441176470588236
1 0.0888671875 0.7066176470588236 0.0859375 0.17352941176470588
1 0.1611328125 0.6595588235294118 0.0615234375 0.11323529411764706
1 0.14599609375 0.7220588235294118 0.0615234375 0.16176470588235295
1 0.54248046875 0.7838235294117647 0.2109375 0.3720588235294118
1 0.6220703125 0.7897058823529411 0.29296875 0.42058823529411765
1 0.6416015625 0.6279411764705882 0.1455078125 0.1514705882352941
1 0.70361328125 0.7757352941176471 0.142578125 0.32794117647058824
1 0.7236328125 0.7441176470588236 0.263671875 0.3411764705882353
1 0.77001953125 0.5845588235294118 0.2255859375 0.22647058823529412
1 0.93212890625 0.6088235294117647 0.1005859375 0.2411764705882353
1 0.89013671875 0.7426470588235294 0.208984375 0.37058823529411766
1 0.921875 0.8102941176470588 0.13671875 0.37941176470588234
1 0.01220703125 0.6514705882352941 0.0244140625 0.07647058823529412