1 0.84375 0.3528645833333333 0.173828125 0.32421875
1 0.62255859375 0.3098958333333333 0.33984375 0.3463541666666667
1 0.33740234375 0.3177083333333333 0.216796875 0.4114583333333333
1 0.59912109375 0.5481770833333334 0.2744140625 0.3294270833333333
1 0.56201171875 0.5240885416666666 0.3359375 0.4036458333333333
1 0.0791015625 0.18424479166666666 0.09765625 0.059895833333333336
1 0.54052734375 0.181640625 0.240234375 0.11197916666666667
1 0.1396484375 0.3509114583333333 0.279296875 0.3763020833333333
1 0.921875 0.3391927083333333 0.1376953125 0.3033854166666667
1 0.75537109375 0.24609375 0.1826171875 0.15104166666666666
1 0.02734375 0.158203125 0.0546875 0.13151041666666666
1 0.01708984375 0.345703125 0.0341796875 0.23046875
1 0.9169921875 0.216796875 0.11328125 0.06510416666666667