1 0.845703125 0.3606770833333333 0.169921875 0.3203125
1 0.625 0.3125 0.3359375 0.3385416666666667
1 0.33984375 0.3138020833333333 0.2119140625 0.40625
1 0.5986328125 0.55078125 0.2705078125 0.3229166666666667
1 0.5615234375 0.525390625 0.3310546875 0.3958333333333333
1 0.08349609375 0.17447916666666666 0.0966796875 0.057291666666666664
1 0.5446484375 0.18236979166666667 0.23904296874999997 0.10634114583333336
1 0.14013671875 0.3424479166666667 0.27734375 0.3697916666666667
1 0.923828125 0.3489583333333333 0.1337890625 0.30078125
1 0.75884765625 0.2520963541666667 0.18109375000000005 0.1467057291666667
1 0.029296875 0.14713541666666666 0.05859375 0.13020833333333334
1 0.017578125 0.33477864583333333 0.03515625 0.22916666666666666
1 0.92041015625 0.2265625 0.1123046875 0.0625