1 0.810537109375 0.5499652173913043 0.06641601562499999 0.1348347826086956
1 0.75 0.5539130434782609 0.0712890625 0.10782608695652174
1 0.8798828125 0.548695652173913 0.083984375 0.11130434782608696
1 0.338330078125 0.6565913043478261 0.06658203124999995 0.05453913043478263
1 0.673828125 0.5591304347826087 0.0791015625 0.10782608695652174
1 0.41015625 0.671304347826087 0.0576171875 0.11478260869565217
1 0.6123046875 0.5721739130434783 0.0419921875 0.09565217391304348
1 0.5263671875 0.5782608695652174 0.03125 0.03304347826086956
1 0.51611328125 0.6373913043478261 0.0537109375 0.11826086956521739
1 0.46337890625 0.6469565217391304 0.0654296875 0.12347826086956522
1 0.841796875 0.542608695652174 0.0537109375 0.10086956521739131
1 0.26146484375 0.7102086956521739 0.0927734375 0.06213913043478264
1 0.06041015625 0.7166956521739131 0.0712890625 0.03864347826086961
1 0.8466796875 0.5008695652173913 0.0400390625 0.019130434782608695
1 0.73775390625 0.5500173913043478 0.04846679687500011 0.10393043478260867
1 0.14240234375 0.7318782608695652 0.04563476562500002 0.11561739130434785