1 0.8115234375 0.4721739130434783 0.076171875 0.14956521739130435
1 0.751953125 0.49130434782608695 0.0791015625 0.12521739130434784
1 0.8798828125 0.4539130434782609 0.091796875 0.13043478260869565
1 0.35205078125 0.6947826086956522 0.0703125 0.07130434782608695
1 0.6767578125 0.5156521739130435 0.0869140625 0.12695652173913044
1 0.42431640625 0.6921739130434783 0.06640625 0.12869565217391304
1 0.61669921875 0.5434782608695652 0.048828125 0.10434782608695652
1 0.5322265625 0.571304347826087 0.033203125 0.04
1 0.52685546875 0.6321739130434783 0.0625 0.13043478260869565
1 0.47509765625 0.6547826086956522 0.07421875 0.1391304347826087
1 0.841796875 0.4573913043478261 0.0615234375 0.11304347826086956
1 0.2802734375 0.7669565217391304 0.0966796875 0.08521739130434783
1 0.08154296875 0.8234782608695652 0.0732421875 0.05565217391304348
1 0.84326171875 0.4147826086956522 0.041015625 0.029565217391304348
1 0.7392578125 0.49043478260869566 0.0556640625 0.11478260869565217
1 0.1640625 0.8182608695652174 0.0546875 0.12521739130434784