1 0.20947265625 0.6243489583333334 0.181640625 0.3294270833333333
1 0.2939453125 0.5442708333333334 0.1650390625 0.3294270833333333
1 0.62841796875 0.4947916666666667 0.107421875 0.2708333333333333
1 0.6943359375 0.490234375 0.095703125 0.21354166666666666
1 0.76220703125 0.451171875 0.0966796875 0.1953125
1 0.94091796875 0.4303385416666667 0.0869140625 0.18619791666666666
1 0.47216796875 0.5065104166666666 0.0869140625 0.20963541666666666
1 0.54833984375 0.5319010416666666 0.080078125 0.20442708333333334
1 0.09619140625 0.376953125 0.0966796875 0.19140625
1 0.20068359375 0.3873697916666667 0.083984375 0.171875
1 0.041015625 0.3561197916666667 0.06640625 0.16536458333333334
1 0.41064453125 0.4518229166666667 0.109375 0.1953125
1 0.4833984375 0.4036458333333333 0.15234375 0.16796875
1 0.5693359375 0.4348958333333333 0.076171875 0.14973958333333334