1 0.22282226562499996 0.6705989583333333 0.1552734375 0.3059895833333333
1 0.299306640625 0.5771875 0.13773437499999996 0.30916666666666676
1 0.627060546875 0.47380208333333335 0.08454101562499994 0.2586588541666666
1 0.69205078125 0.4586197916666667 0.07780273437500007 0.2022526041666667
1 0.756005859375 0.4087109375 0.08013671874999995 0.18428385416666662
1 0.931103515625 0.35897135416666665 0.07179687499999998 0.17531249999999998
1 0.4730078125 0.5111588541666666 0.06939453124999995 0.19945312499999993
1 0.550673828125 0.5240234375 0.06290039062500008 0.1954166666666667
1 0.0881640625 0.44359375 0.08095703125000003 0.17962239583333325
1 0.192685546875 0.43677083333333333 0.069580078125 0.162265625
1 0.0313671875 0.43147135416666665 0.05189453125 0.15807291666666665
1 0.4069140625 0.4665625 0.09375976562499999 0.1820442708333334
1 0.47462890625 0.4067578125 0.14045898437499993 0.14571614583333328
1 0.562978515625 0.4242708333333333 0.064208984375 0.14011718750000002