1 0.26416015625 0.75 0.0615234375 0.11634349030470914
1 0.30517578125 0.721606648199446 0.0751953125 0.12465373961218837
1 0.43701171875 0.6738227146814404 0.05859375 0.0997229916897507
1 0.552734375 0.6475069252077562 0.072265625 0.07063711911357341
1 0.70458984375 0.6198060941828255 0.0537109375 0.04016620498614958
1 0.7607421875 0.6135734072022161 0.041015625 0.04293628808864266
1 0.791015625 0.592797783933518 0.02734375 0.008310249307479225
1 0.8076171875 0.6177285318559557 0.0546875 0.037396121883656507
1 0.89111328125 0.6433518005540166 0.0400390625 0.03185595567867036
1 0.98486328125 0.675207756232687 0.02734375 0.024930747922437674
1 0.40333984375 0.6757756232686981 0.04412109374999995 0.07145429362880891