1 0.2705078125 0.7617728531855956 0.064453125 0.11911357340720222
1 0.310546875 0.7313019390581718 0.078125 0.12880886426592797
1 0.44140625 0.6765927977839336 0.060546875 0.10249307479224377
1 0.55615234375 0.6447368421052632 0.07421875 0.07479224376731301
1 0.70751953125 0.6094182825484764 0.0546875 0.04293628808864266
1 0.76318359375 0.600415512465374 0.0419921875 0.0443213296398892
1 0.79296875 0.5782548476454293 0.02734375 0.009695290858725761
1 0.810546875 0.6024930747922438 0.0556640625 0.04016620498614958
1 0.89453125 0.6239612188365651 0.041015625 0.0332409972299169
1 0.9873046875 0.6502770083102493 0.025390625 0.02631578947368421
1 0.40771484375 0.6807479224376731 0.0458984375 0.07340720221606649