1 0.39306640625 0.3404255319148936 0.162109375 0.2188449848024316
1 0.7744140625 0.4673252279635258 0.3095703125 0.41033434650455924
1 0.7822265625 0.27203647416413373 0.1279296875 0.16261398176291794
1 0.51416015625 0.1945288753799392 0.158203125 0.12006079027355623
1 0.90234375 0.3252279635258359 0.1845703125 0.3404255319148936
1 0.53662109375 0.2682370820668693 0.1640625 0.1534954407294833
1 0.7216796875 0.22112462006079028 0.220703125 0.14437689969604864
1 0.66552734375 0.30623100303951367 0.119140625 0.12462006079027356
1 0.32958984375 0.32978723404255317 0.0537109375 0.14437689969604864
1 0.38623046875 0.24012158054711247 0.1171875 0.06838905775075987
1 0.74609375 0.2765957446808511 0.064453125 0.09270516717325228
1 0.07763671875 0.12006079027355623 0.037109375 0.031914893617021274
1 0.1962890625 0.08662613981762918 0.0244140625 0.02735562310030395
1 0.01806640625 0.1413373860182371 0.0361328125 0.0486322188449848
1 0.11376953125 0.11170212765957446 0.0205078125 0.02735562310030395
1 0.1796875 0.08966565349544073 0.0263671875 0.02735562310030395
1 0.21630859375 0.08282674772036475 0.0283203125 0.030395136778115502
1 0.1005859375 0.11702127659574468 0.021484375 0.028875379939209727
1 0.59228515625 0.36854103343465044 0.1220703125 0.2127659574468085
1 0.2373046875 0.07598784194528875 0.0283203125 0.03343465045592705
1 0.1376953125 0.10790273556231003 0.0390625 0.03343465045592705
1 0.85009765625 0.24696048632218845 0.1005859375 0.14893617021276595
1 0.9140625 0.19908814589665655 0.0810546875 0.06838905775075987
1 0.3466796875 0.25835866261398177 0.0400390625 0.0364741641337386
1 0.66943359375 0.22264437689969604 0.0654296875 0.09270516717325228
1 0.60107421875 0.22796352583586627 0.04296875 0.06534954407294832
1 0.56689453125 0.1595744680851064 0.0576171875 0.06382978723404255
1 0.94970703125 0.07674772036474165 0.0419921875 0.1534954407294833
1 0.4541015625 0.2196048632218845 0.0556640625 0.07142857142857142
1 0.49462890625 0.2629179331306991 0.0791015625 0.09270516717325228