1 0.408203125 0.3191489361702128 0.146484375 0.1884498480243161
1 0.7744140625 0.5273556231003039 0.28125 0.3525835866261398
1 0.7998046875 0.3351063829787234 0.1171875 0.13829787234042554
1 0.54150390625 0.20080547112462005 0.1517382812500001 0.08785714285714286
1 0.9140625 0.41413373860182373 0.158935546875 0.30927051671732525
1 0.55712890625 0.278693009118541 0.154541015625 0.12196048632218845
1 0.74462890625 0.27203647416413373 0.2139941406250001 0.09916413373860182
1 0.68115234375 0.34404255319148935 0.11102539062500005 0.10211246200607911
1 0.3466796875 0.2946504559270517 0.04217773437500005 0.13630699088145895
1 0.410400390625 0.21790273556231002 0.114384765625 0.04390577507598782
1 0.763671875 0.33206686930091184 0.057373046875 0.0804103343465045
1 0.115537109375 0.03243161094224924 0.035283203124999996 0.024939209726443774
1 0.2362109375 0.02465045592705167 0.022197265625000018 0.022826747720364735
1 0.043515625 0.03844984802431611 0.056552734375 0.03720364741641337
1 0.152099609375 0.031504559270516715 0.019013671875000027 0.023373860182370823
1 0.219482421875 0.024285714285714285 0.024433593749999982 0.02155015197568389
1 0.25634765625 0.025243161094224923 0.026416015624999956 0.02504559270516718
1 0.1385546875 0.03384498480243161 0.019423828124999987 0.024939209726443774
1 0.60302734375 0.38943768996960487 0.1055957031250001 0.1916869300911854
1 0.27783203125 0.023541033434650457 0.025761718749999996 0.028632218844984802
1 0.007939453125 0.04100303951367781 0.01560546875 0.03963525835866261
1 0.17626953125 0.03338905775075988 0.0375390625 0.025927051671732527
1 0.869140625 0.32504559270516714 0.08978515625000005 0.13127659574468084
1 0.93701171875 0.29199088145896657 0.07763671875 0.05196048632218845
1 0.36962890625 0.22720364741641338 0.03753906250000005 0.028541033434650413
1 0.6923828125 0.2621580547112462 0.05843749999999992 0.08083586626139817
1 0.62451171875 0.2524772036474164 0.03790039062499995 0.058085106382978764
1 0.5966796875 0.17772036474164132 0.05319335937500003 0.05229483282674767
1 0.98388671875 0.17610942249240122 0.028105468749999973 0.15369300911854103
1 0.4794921875 0.21220364741641337 0.05099609375000003 0.061124620060790315
1 0.515625 0.2642553191489362 0.07275390625 0.07775075987841941