1 0.40625 0.8138020833333334 0.201171875 0.3151041666666667
1 0.6494140625 0.6165364583333334 0.150390625 0.21875
1 0.564453125 0.4173177083333333 0.02734375 0.048177083333333336
1 0.64208984375 0.40234375 0.02734375 0.05078125
1 0.50537109375 0.7096354166666666 0.1884765625 0.2890625
1 0.19482421875 0.8697916666666666 0.2568359375 0.2604166666666667
1 0.31005859375 0.7799479166666666 0.19921875 0.2942708333333333
1 0.46484375 0.4830729166666667 0.041015625 0.06770833333333333
1 0.5771484375 0.5930989583333334 0.1015625 0.2109375
1 0.16455078125 0.7545572916666666 0.1806640625 0.16145833333333334
1 0.51953125 0.4934895833333333 0.0458984375 0.08072916666666667
1 0.48583984375 0.5638020833333334 0.1064453125 0.09114583333333333
1 0.55615234375 0.4700520833333333 0.033203125 0.0625
1 0.08837890625 0.7584635416666666 0.138671875 0.16536458333333334
1 0.61328125 0.4088541666666667 0.0361328125 0.052083333333333336
1 0.4384765625 0.4479166666666667 0.0283203125 0.044270833333333336