1 0.367021484375 0.7873437499999999 0.16681640625000005 0.28011718749999986
1 0.6321875 0.6494791666666666 0.12722656249999997 0.19203125000000001
1 0.574150390625 0.43380208333333337 0.02222656249999999 0.04417968749999993
1 0.652490234375 0.43658854166666666 0.02147460937500001 0.04673177083333332
1 0.47802734375 0.7076822916666666 0.1571093750000001 0.2571614583333333
1 0.145263671875 0.8411458333333334 0.219970703125 0.3102213541666667
1 0.276611328125 0.7317708333333334 0.16833984375 0.2587890625
1 0.467529296875 0.4749348958333333 0.03402343750000003 0.061367187499999996
1 0.56396484375 0.609375 0.077392578125 0.19645833333333348
1 0.136357421875 0.6731770833333334 0.167236328125 0.1240234375
1 0.52001953125 0.498046875 0.03738281249999997 0.0734895833333334
1 0.477783203125 0.5592447916666666 0.09893554687499995 0.06937499999999996
1 0.55908203125 0.4833984375 0.026660156249999956 0.056640625
1 0.06111328125 0.6591796875 0.1222265625 0.13907552083333327
1 0.62353515625 0.4361979166666667 0.030498046875000018 0.045364583333333375
1 0.446044921875 0.4345703125 0.023193359375 0.03916666666666672