1 0.62841796875 0.664714494875549 0.14453125 0.26061493411420206
1 0.4677734375 0.6815519765739385 0.2021484375 0.3367496339677892
1 0.392578125 0.45973645680819913 0.130859375 0.12005856515373353
1 0.42138671875 0.5124450951683748 0.1337890625 0.14202049780380674
1 0.3388671875 0.5900439238653001 0.087890625 0.2708638360175695
1 0.1005859375 0.424597364568082 0.1142578125 0.2108345534407028
1 0.048828125 0.5095168374816984 0.09765625 0.22840409956076135
1 0.39013671875 0.3784773060029283 0.099609375 0.12298682284040996
1 0.517578125 0.3711566617862372 0.115234375 0.1376281112737921
1 0.57470703125 0.4267935578330893 0.1181640625 0.15226939970717424
1 0.77099609375 0.5036603221083455 0.1298828125 0.3118594436310395
1 0.86962890625 0.6910688140556369 0.2607421875 0.41874084919472915
1 0.70556640625 0.575402635431918 0.154296875 0.38799414348462663
1 0.58544921875 0.5168374816983895 0.095703125 0.1493411420204978