1 0.6181640625 0.6808199121522694 0.130859375 0.2445095168374817
1 0.45751953125 0.6764275256222547 0.1845703125 0.31332357247437775
1 0.3955078125 0.4458272327964861 0.125 0.10395314787701318
1 0.4208984375 0.5021961932650073 0.126953125 0.1259150805270864
1 0.33447265625 0.568814055636896 0.0732421875 0.26207906295754024
1 0.1064453125 0.3726207906295754 0.103515625 0.19765739385065886
1 0.04638671875 0.45095168374816985 0.0927734375 0.21669106881405564
1 0.3974609375 0.3645680819912152 0.09375 0.11127379209370425
1 0.52490234375 0.3740849194729136 0.1083984375 0.12445095168374817
1 0.57861328125 0.43704245973645683 0.1103515625 0.1390922401171303
1 0.76953125 0.5387994143484627 0.11328125 0.2986822840409956
1 0.86865234375 0.7408491947291361 0.2626953125 0.38653001464128844
1 0.7001953125 0.6017569546120058 0.1328125 0.3718887262079063
1 0.583984375 0.527818448023426 0.087890625 0.1390922401171303