1 0.094150390625 0.6288676470588235 0.018388671874999984 0.026867647058823503
1 0.1914453125 0.683514705882353 0.03424804687499999 0.028794117647058883
1 0.18662109375 0.6299705882352941 0.016787109374999998 0.02170588235294116
1 0.47791015625 0.6846176470588236 0.03165039062499997 0.023632352941176545
1 0.52310546875 0.7127352941176471 0.020458984375000044 0.017573529411764773
1 0.54974609375 0.7164117647058824 0.02309570312500009 0.026602941176470635
1 0.602509765625 0.6746470588235294 0.015576171875000044 0.0183970588235294
1 0.672060546875 0.7073529411764706 0.025771484375000098 0.030882352941176472
1 0.71068359375 0.7143529411764705 0.020888671875000098 0.019867647058823518
1 0.85888671875 0.7463235294117647 0.025390625 0.030882352941176472
1 0.9609375 0.7823529411764706 0.0595703125 0.051470588235294115