1 0.08544921875 0.5095588235294117 0.021484375 0.03235294117647059
1 0.173828125 0.5911764705882353 0.037109375 0.03823529411764706
1 0.17578125 0.5375 0.01953125 0.026470588235294117
1 0.455078125 0.675 0.0341796875 0.03235294117647059
1 0.49560546875 0.7154411764705882 0.0224609375 0.023529411764705882
1 0.521484375 0.7264705882352941 0.0263671875 0.03235294117647059
1 0.57861328125 0.700735294117647 0.017578125 0.022058823529411766
1 0.642578125 0.7529411764705882 0.029296875 0.03823529411764706
1 0.6796875 0.7705882352941177 0.0234375 0.025
1 0.8212890625 0.8448529411764706 0.029296875 0.03823529411764706
1 0.91650390625 0.9095588235294118 0.0654296875 0.06764705882352941