1 0.3134765625 0.404296875 0.025390625 0.02734375
1 0.3466796875 0.6477864583333334 0.05078125 0.08984375
1 0.3408203125 0.41015625 0.0146484375 0.036458333333333336
1 0.41455078125 0.580078125 0.14453125 0.15104166666666666
1 0.39697265625 0.8294270833333334 0.076171875 0.15364583333333334
1 0.3798828125 0.3893229166666667 0.037109375 0.061197916666666664
1 0.46728515625 0.7317708333333334 0.1630859375 0.3580729166666667
1 0.556640625 0.8391927083333334 0.0810546875 0.14973958333333334
1 0.7451171875 0.4661458333333333 0.05078125 0.07942708333333333
1 0.78759765625 0.4856770833333333 0.0146484375 0.0546875
1 0.81396484375 0.4811197916666667 0.0166015625 0.0390625