1 0.30517578125 0.4401041666666667 0.0283203125 0.03125
1 0.36376953125 0.6744791666666666 0.0595703125 0.09895833333333333
1 0.3330078125 0.4407552083333333 0.0185546875 0.0390625
1 0.423828125 0.5950520833333334 0.1591796875 0.17578125
1 0.43212890625 0.8450520833333334 0.091796875 0.16666666666666666
1 0.36962890625 0.4127604166666667 0.04296875 0.06770833333333333
1 0.49169921875 0.7356770833333334 0.19921875 0.3854166666666667
1 0.59130859375 0.8255208333333334 0.095703125 0.16276041666666666
1 0.7392578125 0.4212239583333333 0.05859375 0.08854166666666667
1 0.783203125 0.4322916666666667 0.0205078125 0.057291666666666664
1 0.80908203125 0.4231770833333333 0.0205078125 0.041666666666666664