1 0.4403906249999999 0.687197265625 0.18917968750000003 0.15461914062499993
1 0.18931640625 0.560078125 0.14994140624999996 0.09344726562500005
1 0.07373046875 0.559326171875 0.14132812500000003 0.07241210937500009
1 0.07694335937499999 0.654267578125 0.153876953125 0.1399902343749999
1 0.7001953125 0.697265625 0.1656542968750001 0.158935546875
1 0.380126953125 0.60595703125 0.15662109375 0.11260742187499995
1 0.258056640625 0.64892578125 0.141484375 0.135009765625
1 0.90625 0.685546875 0.134033203125 0.10394531250000005
1 0.49609375 0.6181640625 0.15380859375 0.04288085937500008
1 0.482666015625 0.58837890625 0.1014453125000001 0.03567382812499997
1 0.82861328125 0.71728515625 0.1434375000000001 0.10394531250000005
1 0.316650390625 0.57080078125 0.079345703125 0.04083007812499995
1 0.383544921875 0.55615234375 0.04025390625000003 0.019755859375000018