1 0.41162109375 0.67578125 0.2109375 0.1826171875
1 0.18359375 0.5107421875 0.1630859375 0.1162109375
1 0.07275390625 0.4912109375 0.1455078125 0.09375
1 0.072265625 0.5859375 0.14453125 0.162109375
1 0.6669921875 0.72607421875 0.1884765625 0.1826171875
1 0.365234375 0.5859375 0.171875 0.1357421875
1 0.23779296875 0.609375 0.1611328125 0.1552734375
1 0.8720703125 0.74658203125 0.1484375 0.1240234375
1 0.4775390625 0.6162109375 0.158203125 0.06640625
1 0.46923828125 0.58447265625 0.10546875 0.05078125
1 0.79052734375 0.76611328125 0.158203125 0.125
1 0.3076171875 0.541015625 0.0849609375 0.052734375
1 0.3759765625 0.537109375 0.04296875 0.025390625