1 0.34765625 0.580078125 0.12109375 0.22005208333333334
1 0.85986328125 0.4440104166666667 0.0634765625 0.16145833333333334
1 0.80908203125 0.4947916666666667 0.083984375 0.19010416666666666
1 0.68798828125 0.5078125 0.0712890625 0.17447916666666666
1 0.70751953125 0.4615885416666667 0.0595703125 0.17447916666666666
1 0.6015625 0.548828125 0.0859375 0.16536458333333334
1 0.623046875 0.474609375 0.0625 0.171875
1 0.66357421875 0.4583333333333333 0.0498046875 0.15755208333333334
1 0.7001953125 0.365234375 0.052734375 0.057291666666666664
1 0.78955078125 0.4791666666666667 0.0927734375 0.20442708333333334
1 0.490234375 0.625 0.11328125 0.21354166666666666
1 0.53076171875 0.58203125 0.091796875 0.20963541666666666
1 0.51318359375 0.443359375 0.0654296875 0.078125
1 0.435546875 0.5755208333333334 0.0810546875 0.20182291666666666
1 0.412109375 0.4661458333333333 0.08203125 0.07421875
1 0.29736328125 0.5559895833333334 0.1025390625 0.20052083333333334
1 0.203125 0.58203125 0.14453125 0.20703125
1 0.36572265625 0.4635416666666667 0.0751953125 0.07682291666666667