1 0.3408203125 0.55078125 0.1005859375 0.203125
1 0.86228515625 0.5114973958333333 0.04762695312499998 0.15358072916666674
1 0.806728515625 0.5524739583333333 0.06593749999999998 0.17908854166666663
1 0.685439453125 0.5424348958333333 0.05454101562499991 0.16552083333333334
1 0.7096484375 0.5006380208333333 0.04273437499999999 0.16877604166666668
1 0.5952734375 0.5668489583333333 0.0704199218749999 0.15358072916666674
1 0.624384765625 0.4973828125 0.04558593750000006 0.16444010416666663
1 0.66650390625 0.4892447916666667 0.03459960937500006 0.1525
1 0.712294921875 0.40350260416666667 0.04802734375000006 0.048294270833333375
1 0.7890234375 0.5329296875 0.07367187500000005 0.193203125
1 0.47723632812499994 0.6222135416666666 0.09321289062500004 0.19808593749999984
1 0.52201171875 0.5872005208333334 0.07204101562499998 0.19753906250000006
1 0.51896484375 0.44610677083333333 0.05861328124999998 0.06838541666666664
1 0.428193359375 0.5627864583333334 0.06186523437500002 0.19212239583333326
1 0.41638671875 0.45044270833333333 0.07652343750000001 0.06078124999999993
1 0.293466796875 0.5180078124999999 0.08384765625000001 0.18722656249999994
1 0.19760742187499997 0.5261458333333333 0.12658203125 0.18506510416666666
1 0.371005859375 0.4393229166666666 0.06878906249999994 0.06458333333333337