1 0.373046875 0.529296875 0.3525390625 0.4375
1 0.798828125 0.6627604166666666 0.40234375 0.5989583333333334
1 0.7900390625 0.54296875 0.419921875 0.4296875
1 0.73486328125 0.4986979166666667 0.4091796875 0.3854166666666667
1 0.6328125 0.287109375 0.2998046875 0.24348958333333334
1 0.212890625 0.4733072916666667 0.3642578125 0.4544270833333333
1 0.12939453125 0.392578125 0.2587890625 0.4205729166666667
1 0.09912109375 0.22786458333333334 0.1650390625 0.15364583333333334
1 0.06982421875 0.15885416666666666 0.0947265625 0.13932291666666666
1 0.8369140625 0.10677083333333333 0.0673828125 0.09505208333333333
1 0.97705078125 0.10091145833333333 0.0458984375 0.05859375
1 0.97412109375 0.23372395833333334 0.0517578125 0.09244791666666667
1 0.9921875 0.24479166666666666 0.015625 0.0859375
1 0.8115234375 0.078125 0.052734375 0.06901041666666667
1 0.76806640625 0.06640625 0.05859375 0.061197916666666664