1 0.37646484375 0.5494791666666666 0.3193359375 0.3880208333333333
1 0.816806640625 0.6122005208333333 0.36637695312500007 0.5428776041666666
1 0.795546875 0.4950390625 0.3963964843750001 0.3680859374999999
1 0.732763671875 0.460625 0.3824316406249999 0.32531250000000006
1 0.6123046875 0.26690104166666667 0.2838183593750001 0.19826822916666673
1 0.212578125 0.5204557291666666 0.3297949218749999 0.4040364583333334
1 0.117451171875 0.45536458333333335 0.23490234375 0.38544270833333333
1 0.0771484375 0.294921875 0.154296875 0.12890625
1 0.041982421874999995 0.23126302083333336 0.083955078125 0.12697916666666664
1 0.798525390625 0.055091145833333334 0.06020507812500009 0.08542968750000002
1 0.943935546875 0.025221354166666668 0.05490234375000003 0.050442708333333336
1 0.961865234375 0.1570703125 0.07625976562499992 0.08035156249999997
1 0.98033203125 0.16502604166666665 0.03933593749999997 0.07949218749999998
1 0.770888671875 0.0308984375 0.04719726562499993 0.061796875
1 0.7265625 0.026041666666666668 0.0546875 0.052083333333333336