1 0.9462890625 0.38321167883211676 0.107421875 0.2029197080291971
1 0.9140625 0.4131386861313869 0.171875 0.23065693430656933
1 0.85986328125 0.39343065693430657 0.17578125 0.23503649635036497
1 0.7958984375 0.4167883211678832 0.1884765625 0.24087591240875914
1 0.732421875 0.4664233576642336 0.1435546875 0.1927007299270073
1 0.6787109375 0.4233576642335766 0.1552734375 0.1897810218978102
1 0.62255859375 0.4678832116788321 0.1494140625 0.18832116788321168
1 0.55859375 0.46715328467153283 0.1142578125 0.17956204379562044
1 0.52392578125 0.47153284671532847 0.1474609375 0.19124087591240876
1 0.392578125 0.5043795620437956 0.138671875 0.1781021897810219
1 0.31640625 0.5058394160583941 0.1064453125 0.14890510948905109
1 0.36669921875 0.5562043795620438 0.09375 0.11678832116788321
1 0.3095703125 0.5773722627737227 0.0869140625 0.1343065693430657
1 0.22705078125 0.5211678832116788 0.107421875 0.19416058394160585
1 0.05322265625 0.57007299270073 0.0908203125 0.15766423357664233
1 0.02880859375 0.589051094890511 0.0576171875 0.18832116788321168
1 0.14306640625 0.5554744525547445 0.0859375 0.16496350364963502
1 0.12158203125 0.5788321167883211 0.1201171875 0.2
1 0.25244140625 0.5291970802919708 0.1611328125 0.18832116788321168