1 0.955078125 0.5138686131386861 0.08984375 0.181021897810219
1 0.92138671875 0.535036496350365 0.1572265625 0.1897810218978102
1 0.86669921875 0.4978102189781022 0.1533203125 0.19562043795620437
1 0.80126953125 0.502919708029197 0.166015625 0.19708029197080293
1 0.732421875 0.5335766423357664 0.125 0.16058394160583941
1 0.68505859375 0.4759124087591241 0.138671875 0.15328467153284672
1 0.62451171875 0.5036496350364964 0.1318359375 0.15328467153284672
1 0.5615234375 0.4846715328467153 0.0966796875 0.15474452554744525
1 0.52734375 0.47883211678832116 0.1298828125 0.15766423357664233
1 0.39404296875 0.4737226277372263 0.1220703125 0.145985401459854
1 0.31884765625 0.45328467153284674 0.0927734375 0.12408759124087591
1 0.36181640625 0.5167883211678832 0.0830078125 0.0948905109489051
1 0.30322265625 0.5218978102189781 0.0732421875 0.11532846715328467
1 0.2294921875 0.44306569343065694 0.0869140625 0.17226277372262774
1 0.05224609375 0.4416058394160584 0.07421875 0.1386861313868613
1 0.02197265625 0.45255474452554745 0.0439453125 0.17956204379562044
1 0.142578125 0.45255474452554745 0.068359375 0.14744525547445256
1 0.11865234375 0.46934306569343065 0.099609375 0.17518248175182483
1 0.25341796875 0.4583941605839416 0.14453125 0.15036496350364964