1 0.56591796875 0.5520833333333334 0.048828125 0.07291666666666667
1 0.982421875 0.6959635416666666 0.03515625 0.20442708333333334
1 0.93994140625 0.6471354166666666 0.0830078125 0.18098958333333334
1 0.85791015625 0.7819010416666666 0.1162109375 0.24479166666666666
1 0.81103515625 0.7096354166666666 0.076171875 0.20442708333333334
1 0.7236328125 0.6940104166666666 0.076171875 0.18098958333333334
1 0.66943359375 0.720703125 0.0869140625 0.1953125
1 0.73583984375 0.55859375 0.0556640625 0.10807291666666667
1 0.9658203125 0.37109375 0.0556640625 0.061197916666666664
1 0.896484375 0.498046875 0.0634765625 0.08723958333333333
1 0.857421875 0.4088541666666667 0.046875 0.06901041666666667
1 0.71826171875 0.416015625 0.05859375 0.06901041666666667
1 0.66162109375 0.5026041666666666 0.0546875 0.06380208333333333
1 0.62060546875 0.5345052083333334 0.0869140625 0.09505208333333333
1 0.0478515625 0.6276041666666666 0.0556640625 0.09114583333333333
1 0.10302734375 0.650390625 0.0673828125 0.08333333333333333
1 0.5390625 0.4759114583333333 0.0634765625 0.06380208333333333
1 0.5703125 0.62109375 0.0732421875 0.11588541666666667
1 0.32275390625 0.7115885416666666 0.068359375 0.13671875
1 0.33056640625 0.8404947916666666 0.1650390625 0.234375
1 0.1328125 0.8821614583333334 0.1640625 0.23567708333333334
1 0.20166015625 0.638671875 0.087890625 0.10807291666666667
1 0.26904296875 0.58984375 0.05859375 0.07552083333333333
1 0.2939453125 0.6373697916666666 0.05078125 0.09375
1 0.36376953125 0.6256510416666666 0.0615234375 0.10546875
1 0.39013671875 0.5696614583333334 0.0595703125 0.08463541666666667
1 0.2939453125 0.5572916666666666 0.056640625 0.061197916666666664
1 0.46142578125 0.4342447916666667 0.0654296875 0.07942708333333333
1 0.5283203125 0.3268229166666667 0.0439453125 0.06640625
1 0.00732421875 0.16080729166666666 0.0146484375 0.040364583333333336
1 0.27294921875 0.14583333333333334 0.0458984375 0.052083333333333336
1 0.369140625 0.14713541666666666 0.046875 0.049479166666666664
1 0.455078125 0.099609375 0.0244140625 0.0390625
1 0.5244140625 0.12955729166666666 0.0322265625 0.0390625
1 0.52978515625 0.11067708333333333 0.0244140625 0.03515625
1 0.873046875 0.15169270833333334 0.037109375 0.049479166666666664
1 0.92138671875 0.11067708333333333 0.0302734375 0.046875
1 0.9443359375 0.103515625 0.0341796875 0.055989583333333336