1 0.55908203125 0.5651041666666666 0.0419921875 0.06510416666666667
1 0.9736328125 0.7981770833333334 0.052734375 0.1953125
1 0.91748046875 0.7369791666666666 0.0634765625 0.16927083333333334
1 0.8203125 0.8528645833333334 0.0908203125 0.22916666666666666
1 0.78271484375 0.7721354166666666 0.0537109375 0.1953125
1 0.6982421875 0.73828125 0.056640625 0.171875
1 0.6416015625 0.7532552083333334 0.06640625 0.18359375
1 0.72607421875 0.6067708333333334 0.044921875 0.10026041666666667
1 0.97509765625 0.4700520833333333 0.0498046875 0.052083333333333336
1 0.8916015625 0.5807291666666666 0.0546875 0.07682291666666667
1 0.86376953125 0.484375 0.0400390625 0.061197916666666664
1 0.7255859375 0.462890625 0.052734375 0.05859375
1 0.6591796875 0.5364583333333334 0.048828125 0.0546875
1 0.615234375 0.5592447916666666 0.078125 0.07942708333333333
1 0.03857421875 0.5319010416666666 0.046875 0.08203125
1 0.09033203125 0.5657552083333334 0.0595703125 0.07161458333333333
1 0.54150390625 0.484375 0.0576171875 0.052083333333333336
1 0.55517578125 0.6341145833333334 0.0615234375 0.10416666666666667
1 0.30029296875 0.671875 0.0546875 0.12630208333333334
1 0.29296875 0.80078125 0.142578125 0.20703125
1 0.09228515625 0.8033854166666666 0.140625 0.21354166666666666
1 0.18896484375 0.5748697916666666 0.078125 0.09244791666666667
1 0.26123046875 0.5403645833333334 0.0517578125 0.06510416666666667
1 0.2802734375 0.5924479166666666 0.041015625 0.0859375
1 0.3505859375 0.595703125 0.05078125 0.09635416666666667
1 0.38330078125 0.5455729166666666 0.0517578125 0.07421875
1 0.28955078125 0.513671875 0.0517578125 0.05078125
1 0.4697265625 0.4270833333333333 0.05859375 0.06770833333333333
1 0.548359375 0.33460937500000004 0.03776367187500007 0.05984375000000005
1 0.0419921875 0.060546875 0.0341796875 0.033854166666666664
1 0.3173828125 0.10286458333333333 0.041015625 0.044270833333333336
1 0.412158203125 0.1244921875 0.04305664062500003 0.040651041666666665
1 0.50244140625 0.09505208333333333 0.0205078125 0.03515625
1 0.5673828125 0.13932291666666666 0.0283203125 0.033854166666666664
1 0.5751953125 0.12174479166666667 0.021484375 0.03125
1 0.90943359375 0.23360677083333334 0.03219726562500003 0.043489583333333304
1 0.961845703125 0.203125 0.025615234375000018 0.04213541666666668
1 0.98560546875 0.20088541666666668 0.02816406249999992 0.05067708333333335