1 0.2333984375 0.7419117647058824 0.33203125 0.375
1 0.6865234375 0.7735294117647059 0.291015625 0.38235294117647056
1 0.54638671875 0.6919117647058823 0.3349609375 0.34852941176470587
1 0.130859375 0.7198529411764706 0.26171875 0.38676470588235295
1 0.08154296875 0.5794117647058824 0.1630859375 0.17352941176470588
1 0.2802734375 0.5448529411764705 0.1953125 0.2161764705882353
1 0.369140625 0.5397058823529411 0.123046875 0.19411764705882353
1 0.44287109375 0.5323529411764706 0.1123046875 0.17647058823529413
1 0.56787109375 0.4698529411764706 0.1455078125 0.09264705882352942
1 0.609375 0.5338235294117647 0.236328125 0.12941176470588237
1 0.7978515625 0.6786764705882353 0.232421875 0.3014705882352941
1 0.9248046875 0.6595588235294118 0.150390625 0.29558823529411765
1 0.83740234375 0.5397058823529411 0.1650390625 0.12058823529411765