1 0.22802734375 0.7279411764705882 0.3408203125 0.3926470588235294
1 0.68017578125 0.7830882352941176 0.2998046875 0.39705882352941174
1 0.5419921875 0.6941176470588235 0.3427734375 0.36617647058823527
1 0.13037109375 0.7 0.2607421875 0.4
1 0.08154296875 0.5573529411764706 0.1630859375 0.18235294117647058
1 0.279296875 0.5330882352941176 0.2001953125 0.22647058823529412
1 0.3681640625 0.5330882352941176 0.1279296875 0.2
1 0.4423828125 0.5294117647058824 0.1162109375 0.18235294117647058
1 0.568359375 0.47352941176470587 0.1474609375 0.1
1 0.6083984375 0.5397058823529411 0.2392578125 0.1411764705882353
1 0.79345703125 0.6941176470588235 0.2392578125 0.31323529411764706
1 0.9208984375 0.6816176470588236 0.1572265625 0.3029411764705882
1 0.83642578125 0.5573529411764706 0.16796875 0.12941176470588237