1 0.70166015625 0.8305116959064328 0.17213867187499998 0.1937426900584795
1 0.4045703125 0.786827485380117 0.2169140624999999 0.18154970760233927
1 0.388642578125 0.5596929824561403 0.126455078125 0.08652046783625723
1 0.934951171875 0.4470906432748538 0.06394531250000002 0.04511695906432751
1 0.944462890625 0.6842690058479532 0.10249023437500004 0.12327485380116966
1 0.259765625 0.5248538011695907 0.1121875 0.09046783625730993
1 0.830078125 0.6823830409356725 0.0987597656250001 0.12581871345029233
1 0.515625 0.5752923976608187 0.103759765625 0.09046783625730993
1 0.1039453125 0.7182017543859649 0.1190234375 0.14994152046783618
1 0.113955078125 0.5299707602339181 0.092529296875 0.08498538011695905
1 0.18201171875 0.37646198830409355 0.05441406250000003 0.058347953216374225
1 0.80224609375 0.6016081871345029 0.09136718749999995 0.07273391812865497
1 0.265869140625 0.6447368421052632 0.125244140625 0.07922514619883049
1 0.60205078125 0.5818713450292398 0.093994140625 0.09266081871345029
1 0.03125 0.6659356725146199 0.0625 0.14181286549707603
1 0.7705078125 0.7043128654970761 0.077392578125 0.12673976608187143
1 0.063115234375 0.623172514619883 0.100341796875 0.08100877192982452
1 0.260009765625 0.4455409356725146 0.06817382812499995 0.07479532163742686
1 0.32080078125 0.38048245614035087 0.0546875 0.0517251461988304
1 0.417724609375 0.48391812865497075 0.07861328125 0.05432748538011691
1 0.271240234375 0.5975877192982456 0.1044921875 0.0712719298245614
1 0.108583984375 0.4872076023391813 0.0838671875 0.052821637426900575
1 0.31396484375 0.43165204678362573 0.04586914062500003 0.05482456140350877
1 0.463623046875 0.6030701754385965 0.10174804687500005 0.06725146198830409
1 0.320556640625 0.5007309941520468 0.05965820312500003 0.06529239766081867
1 0.390625 0.3742690058479532 0.04586914062500003 0.055233918128654934
1 0.271728515625 0.38048245614035087 0.04931640625 0.04961988304093575
1 0.364501953125 0.43128654970760233 0.05319335937500003 0.05546783625731002
1 0.283447265625 0.4992690058479532 0.05520507812499997 0.04888888888888897
1 0.1746875 0.42178362573099415 0.05459960937499997 0.04961988304093575
1 0.9033203125 0.6220760233918129 0.08038085937499995 0.04378654970760241
1 0.06244140625 0.3961988304093567 0.061767578125 0.04723684210526308
1 0.38720703125 0.652046783625731 0.11517578125000005 0.0688011695906432
1 0.222900390625 0.3753654970760234 0.044921875 0.045921052631578904
1 0.248662109375 0.3845029239766082 0.042724609375 0.04706140350877201
1 0.55169921875 0.8110818713450292 0.13727539062499994 0.15552631578947385