1 0.70166015625 0.8304093567251462 0.171875 0.19444444444444445
1 0.40478515625 0.7865497076023392 0.216796875 0.18128654970760233
1 0.388671875 0.5599415204678363 0.1259765625 0.08625730994152046
1 0.93505859375 0.4473684210526316 0.0634765625 0.04532163742690058
1 0.9443359375 0.6842105263157895 0.1025390625 0.12280701754385964
1 0.259765625 0.5248538011695907 0.1123046875 0.09064327485380116
1 0.830078125 0.6827485380116959 0.0986328125 0.12573099415204678
1 0.515625 0.5752923976608187 0.103515625 0.09064327485380116
1 0.10400390625 0.7178362573099415 0.119140625 0.15058479532163743
1 0.11376953125 0.5299707602339181 0.0927734375 0.0847953216374269
1 0.18212890625 0.37646198830409355 0.0546875 0.05847953216374269
1 0.80224609375 0.6016081871345029 0.091796875 0.07309941520467836
1 0.265625 0.6447368421052632 0.125 0.07894736842105263
1 0.60205078125 0.5818713450292398 0.09375 0.09210526315789473
1 0.03125 0.6659356725146199 0.0625 0.14181286549707603
1 0.7705078125 0.7046783625730995 0.0771484375 0.12719298245614036
1 0.06298828125 0.6228070175438597 0.1005859375 0.0804093567251462
1 0.259765625 0.44590643274853803 0.068359375 0.07456140350877193
1 0.32080078125 0.38011695906432746 0.0546875 0.05116959064327485
1 0.41796875 0.48391812865497075 0.078125 0.054093567251461985
1 0.271484375 0.597953216374269 0.1044921875 0.07163742690058479
1 0.1083984375 0.4868421052631579 0.083984375 0.05263157894736842
1 0.31396484375 0.43128654970760233 0.0458984375 0.05555555555555555
1 0.4638671875 0.6030701754385965 0.1015625 0.06725146198830409
1 0.3203125 0.5007309941520468 0.0595703125 0.06578947368421052
1 0.390625 0.3742690058479532 0.0458984375 0.05555555555555555
1 0.271484375 0.38011695906432746 0.048828125 0.049707602339181284
1 0.3642578125 0.43128654970760233 0.052734375 0.05555555555555555
1 0.283203125 0.4992690058479532 0.0556640625 0.04824561403508772
1 0.1748046875 0.42178362573099415 0.0546875 0.049707602339181284
1 0.9033203125 0.6220760233918129 0.080078125 0.043859649122807015
1 0.0625 0.3961988304093567 0.0615234375 0.04678362573099415
1 0.38720703125 0.652046783625731 0.115234375 0.06871345029239766
1 0.22265625 0.3757309941520468 0.044921875 0.04532163742690058
1 0.24853515625 0.3845029239766082 0.04296875 0.04678362573099415
1 0.5517578125 0.8114035087719298 0.1376953125 0.15497076023391812