1 0.63427734375 0.4154746423927178 0.0966796875 0.08192457737321196
1 0.55078125 0.6840052015604682 0.1416015625 0.12613784135240572
1 0.6953125 0.6840052015604682 0.099609375 0.08842652795838751
1 0.3017578125 0.7197659297789337 0.0966796875 0.11053315994798439
1 0.2197265625 0.6762028608582574 0.1015625 0.10923276983094929
1 0.8544921875 0.6235370611183355 0.0966796875 0.08452535760728218
1 0.7685546875 0.8049414824447334 0.115234375 0.1378413524057217
1 0.140625 0.7737321196358907 0.1494140625 0.13394018205461639
1 0.68408203125 0.6209362808842653 0.0908203125 0.07152145643693109
1 0.47900390625 0.6092327698309493 0.0615234375 0.09102730819245773
1 0.20361328125 0.8250975292587777 0.1806640625 0.1482444733420026
1 0.64892578125 0.5650195058517555 0.0712890625 0.07152145643693109
1 0.32080078125 0.6540962288686606 0.087890625 0.10663198959687907
1 0.79541015625 0.4336801040312094 0.060546875 0.06631989596879063
1 0.05029296875 0.6079323797139142 0.09765625 0.10793237971391417
1 0.115234375 0.5929778933680104 0.109375 0.09362808842652796
1 0.25048828125 0.6007802340702211 0.0732421875 0.07672301690507152
1 0.84228515625 0.4115734720416125 0.06640625 0.0494148244473342
1 0.78662109375 0.5708712613784135 0.068359375 0.07672301690507152
1 0.8818359375 0.4616384915474642 0.0732421875 0.07152145643693109
1 0.91748046875 0.5669700910273082 0.1025390625 0.08712613784135241
1 0.9072265625 0.6976592977893368 0.1025390625 0.08322496749024708
1 0.75048828125 0.3881664499349805 0.013671875 0.014304291287386216
1 0.18896484375 0.577373211963589 0.064453125 0.07932379713914174
1 0.43701171875 0.5780234070221066 0.0859375 0.07802340702210664
1 0.6865234375 0.43237971391417424 0.0205078125 0.02990897269180754
1 0.80712890625 0.6918075422626788 0.0869140625 0.08712613784135241
1 0.53857421875 0.5442132639791938 0.0595703125 0.05721716514954486
1 0.4931640625 0.5130039011703511 0.060546875 0.05981794538361508
1 0.5595703125 0.47334200260078024 0.0634765625 0.06241872561768531
1 0.73291015625 0.48634590377113135 0.08203125 0.04811443433029909
1 0.73876953125 0.3920676202860858 0.025390625 0.02990897269180754
1 0.4677734375 0.548114434330299 0.0283203125 0.027308192457737322
1 0.97216796875 0.6085825747724317 0.0556640625 0.07672301690507152
1 0.56103515625 0.6020806241872562 0.0703125 0.06631989596879063
1 0.7529296875 0.40052015604681407 0.0341796875 0.04161248374512354
1 0.33544921875 0.5780234070221066 0.052734375 0.053315994798439535
1 0.7353515625 0.4135240572171652 0.0439453125 0.06371911573472042
1 0.828125 0.49739921976592977 0.0537109375 0.05981794538361508
1 0.80615234375 0.7626788036410923 0.1201171875 0.07672301690507152
1 0.72216796875 0.5130039011703511 0.0283203125 0.022106631989596878
1 0.4599609375 0.4895968790637191 0.0283203125 0.033810143042912875
1 0.08349609375 0.7009102730819246 0.1201171875 0.09492847854356307
1 0.8359375 0.5559167750325098 0.0537109375 0.05071521456436931
1 0.3193359375 0.5240572171651495 0.0380859375 0.032509752925877766
1 0.541015625 0.4596879063719116 0.029296875 0.0377113133940182
1 0.60205078125 0.4466840052015605 0.0634765625 0.07022106631989597
1 0.962890625 0.5429128738621587 0.0732421875 0.053315994798439535
1 0.80126953125 0.3992197659297789 0.025390625 0.04031209362808843
1 0.70166015625 0.48244473342002603 0.03125 0.04031209362808843
1 0.35009765625 0.6131339401820546 0.12109375 0.07672301690507152
1 0.2236328125 0.5682704811443433 0.05078125 0.06762028608582575
1 0.69873046875 0.5312093628088427 0.064453125 0.06241872561768531
1 0.51318359375 0.47464239271781533 0.0390625 0.04161248374512354
1 0.7578125 0.7249674902470741 0.0576171875 0.054616384915474644
1 0.6953125 0.4128738621586476 0.05078125 0.08972691807542263
1 0.50048828125 0.5507152145643693 0.0263671875 0.045513654096228866
1 0.9384765625 0.7574772431729518 0.0859375 0.09102730819245773
1 0.51123046875 0.5734720416124838 0.05078125 0.08192457737321196
1 0.2373046875 0.5507152145643693 0.025390625 0.031209362808842653
1 0.77783203125 0.4057217165149545 0.03125 0.033810143042912875
1 0.58349609375 0.42912873862158646 0.025390625 0.0377113133940182
1 0.2958984375 0.5949284785435631 0.0322265625 0.0494148244473342
1 0.03662109375 0.5617685305591678 0.0537109375 0.05721716514954486
1 0.48681640625 0.47854356306892065 0.029296875 0.04031209362808843
1 0.845703125 0.58777633289987 0.0654296875 0.05071521456436931
1 0.783203125 0.3914174252275683 0.021484375 0.0247074122236671
1 0.74072265625 0.5169050715214565 0.0244140625 0.044213263979193757
1 0.98193359375 0.7087126137841352 0.0361328125 0.03901170351105332
1 0.68310546875 0.5078023407022106 0.0244140625 0.014304291287386216
1 0.8115234375 0.5494148244473342 0.046875 0.05201560468140442
1 0.7509765625 0.4778933680104031 0.046875 0.022106631989596878
1 0.525390625 0.49219765929778936 0.0498046875 0.04681404421326398
1 0.3154296875 0.5455136540962289 0.076171875 0.06631989596879063
1 0.09814453125 0.540962288686606 0.037109375 0.05201560468140442
1 0.31787109375 0.6046814044213265 0.03515625 0.05071521456436931
1 0.29736328125 0.5656697009102731 0.037109375 0.027308192457737322
1 0.3935546875 0.548114434330299 0.0390625 0.06241872561768531
1 0.82080078125 0.40767230169050717 0.0244140625 0.035110533159947985
1 0.58544921875 0.5624187256176854 0.037109375 0.04031209362808843
1 0.3583984375 0.5572171651495449 0.0615234375 0.0494148244473342
1 0.37841796875 0.6657997399219766 0.0927734375 0.07282184655396619
1 0.23486328125 0.6319895968790638 0.07421875 0.05201560468140442
1 0.0126953125 0.6456436931079323 0.025390625 0.0611183355006502
1 0.7294921875 0.5533159947984395 0.052734375 0.0611183355006502
1 0.88134765625 0.540962288686606 0.03515625 0.04031209362808843
1 0.72900390625 0.764629388816645 0.0380859375 0.05981794538361508