1 0.73974609375 0.6614583333333334 0.1962890625 0.2604166666666667
1 0.7177734375 0.51171875 0.060546875 0.09244791666666667
1 0.626953125 0.4641927083333333 0.0263671875 0.033854166666666664
1 0.65625 0.4602864583333333 0.0458984375 0.03515625
1 0.79345703125 0.5670572916666666 0.1044921875 0.15364583333333334
1 0.6826171875 0.4654947916666667 0.0302734375 0.029947916666666668
1 0.65966796875 0.498046875 0.0712890625 0.07682291666666667
1 0.5185546875 0.5774739583333334 0.060546875 0.12760416666666666
1 0.15478515625 0.5703125 0.08984375 0.14453125
1 0.4580078125 0.693359375 0.1318359375 0.23828125
1 0.3447265625 0.634765625 0.1259765625 0.20052083333333334
1 0.11962890625 0.5384114583333334 0.0693359375 0.10286458333333333
1 0.63818359375 0.5579427083333334 0.06640625 0.14713541666666666
1 0.5390625 0.45703125 0.0302734375 0.028645833333333332
1 0.04736328125 0.5930989583333334 0.068359375 0.13151041666666666
1 0.94189453125 0.6373697916666666 0.1162109375 0.20963541666666666
1 0.51025390625 0.4973958333333333 0.052734375 0.08203125
1 0.20166015625 0.6998697916666666 0.1689453125 0.19661458333333334
1 0.23779296875 0.5234375 0.046875 0.10026041666666667
1 0.6875 0.54296875 0.0751953125 0.052083333333333336
1 0.55810546875 0.54296875 0.0556640625 0.1484375
1 0.60595703125 0.498046875 0.046875 0.09895833333333333
1 0.53857421875 0.4466145833333333 0.0234375 0.013020833333333334
1 0.1064453125 0.8235677083333334 0.19921875 0.3125