1 0.7353515625 0.6725260416666666 0.189453125 0.2513020833333333
1 0.71728515625 0.5221354166666666 0.05859375 0.08984375
1 0.6279296875 0.4700520833333333 0.025390625 0.032552083333333336
1 0.6572265625 0.4674479166666667 0.044921875 0.032552083333333336
1 0.79150390625 0.5807291666666666 0.1005859375 0.1484375
1 0.68359375 0.4739583333333333 0.029296875 0.028645833333333332
1 0.65966796875 0.5052083333333334 0.0693359375 0.07421875
1 0.5166015625 0.578125 0.0576171875 0.125
1 0.1533203125 0.5540364583333334 0.0859375 0.140625
1 0.453125 0.69140625 0.1259765625 0.23307291666666666
1 0.34130859375 0.6276041666666666 0.12109375 0.1953125
1 0.11865234375 0.5208333333333334 0.06640625 0.10026041666666667
1 0.63671875 0.564453125 0.0625 0.14453125
1 0.5400390625 0.458984375 0.029296875 0.02734375
1 0.04541015625 0.572265625 0.0654296875 0.12890625
1 0.93994140625 0.658203125 0.1142578125 0.20442708333333334
1 0.51025390625 0.498046875 0.05078125 0.07942708333333333
1 0.19677734375 0.6861979166666666 0.1640625 0.18880208333333334
1 0.2373046875 0.5110677083333334 0.0439453125 0.09765625
1 0.68603515625 0.5514322916666666 0.07421875 0.048177083333333336
1 0.55712890625 0.5455729166666666 0.0517578125 0.14583333333333334
1 0.60595703125 0.5032552083333334 0.0439453125 0.09635416666666667
1 0.5400390625 0.4485677083333333 0.0234375 0.01171875
1 0.09814453125 0.8053385416666666 0.19140625 0.3033854166666667