1 0.55859375 0.6588541666666666 0.162109375 0.3567708333333333
1 0.037109375 0.7877604166666666 0.07421875 0.4244791666666667
1 0.7744140625 0.7923177083333334 0.255859375 0.4153645833333333
1 0.380859375 0.7601692708333333 0.146484375 0.4770442708333332
1 0.23828125 0.7797005208333333 0.14453125 0.4379817708333332
1 0.09912109375 0.7552083333333334 0.1845703125 0.3841145833333333
1 0.701171875 0.6529947916666666 0.1416015625 0.2825520833333333
1 0.4560546875 0.69140625 0.1171875 0.3450520833333333
1 0.914794921875 0.7472526041666666 0.17041015625 0.46454427083333333
1 0.85400390625 0.5944010416666666 0.0830078125 0.19010416666666666
1 0.2262890625 0.5252473958333334 0.10917968750000001 0.09305989583333336
1 0.3005859375 0.44307291666666665 0.07356445312500004 0.06545572916666664
1 0.4066796875 0.4739453125 0.06376953124999996 0.06164062500000004
1 0.095556640625 0.5531380208333333 0.122314453125 0.08694010416666664
1 0.47941406250000007 0.470546875 0.07666015625 0.07071614583333326
1 0.661337890625 0.46682291666666664 0.07405273437499993 0.06328125000000002
1 0.92453125 0.4125390625 0.07008789062499998 0.06791666666666663
1 0.501376953125 0.32151041666666663 0.03416992187500001 0.030872395833333306
1 0.475859375 0.319609375 0.029326171874999973 0.03302083333333335