1 0.560546875 0.6575520833333334 0.1669921875 0.3606770833333333
1 0.041015625 0.7923177083333334 0.080078125 0.4153645833333333
1 0.7783203125 0.7858072916666666 0.26171875 0.421875
1 0.3837890625 0.7610677083333334 0.15234375 0.4778645833333333
1 0.2421875 0.7825520833333334 0.150390625 0.4348958333333333
1 0.1025390625 0.7643229166666666 0.189453125 0.3880208333333333
1 0.703125 0.6484375 0.1455078125 0.28515625
1 0.45849609375 0.6927083333333334 0.1220703125 0.34765625
1 0.91455078125 0.7369791666666666 0.1708984375 0.46875
1 0.85498046875 0.5859375 0.0859375 0.19140625
1 0.2265625 0.5319010416666666 0.1103515625 0.09505208333333333
1 0.2998046875 0.4479166666666667 0.07421875 0.06770833333333333
1 0.40625 0.4759114583333333 0.064453125 0.0625
1 0.09619140625 0.5625 0.123046875 0.08984375
1 0.47900390625 0.4713541666666667 0.0771484375 0.07291666666666667
1 0.66064453125 0.462890625 0.0751953125 0.06510416666666667
1 0.92333984375 0.4029947916666667 0.0712890625 0.06901041666666667
1 0.4990234375 0.3216145833333333 0.0341796875 0.03125
1 0.4736328125 0.3203125 0.029296875 0.033854166666666664