1 0.736328125 0.6797839506172839 0.185546875 0.1558641975308642
1 0.5185546875 0.7114197530864198 0.1259765625 0.18209876543209877
1 0.97607421875 0.3140432098765432 0.0400390625 0.09567901234567901
1 0.81982421875 0.5354938271604939 0.1298828125 0.15432098765432098
1 0.93115234375 0.22685185185185186 0.048828125 0.09567901234567901
1 0.607421875 0.658179012345679 0.1337890625 0.1697530864197531
1 0.73291015625 0.2839506172839506 0.0341796875 0.06944444444444445
1 0.97119140625 0.11651234567901235 0.05078125 0.08487654320987655
1 0.9248046875 0.3194444444444444 0.06640625 0.10030864197530864
1 0.1826171875 0.7939814814814815 0.13671875 0.14660493827160495
1 0.0615234375 0.716820987654321 0.068359375 0.1095679012345679
1 0.8603515625 0.41435185185185186 0.1181640625 0.11882716049382716
1 0.88330078125 0.10262345679012345 0.03515625 0.07098765432098765
1 0.94580078125 0.4390432098765432 0.091796875 0.16666666666666666
1 0.90234375 0.11033950617283951 0.033203125 0.08179012345679013
1 0.6787109375 0.3541666666666667 0.0361328125 0.07716049382716049
1 0.83154296875 0.19521604938271606 0.0302734375 0.06635802469135803
1 0.84912109375 0.20601851851851852 0.0380859375 0.06018518518518518
1 0.78173828125 0.21064814814814814 0.0283203125 0.06172839506172839
1 0.7353515625 0.22916666666666666 0.03125 0.05246913580246913
1 0.7763671875 0.31712962962962965 0.037109375 0.07716049382716049
1 0.8623046875 0.1705246913580247 0.03125 0.06018518518518518
1 0.8662109375 0.3425925925925926 0.0517578125 0.09104938271604938
1 0.89111328125 0.2762345679012346 0.04296875 0.08641975308641975
1 0.95361328125 0.06558641975308642 0.0517578125 0.0787037037037037
1 0.7060546875 0.25540123456790126 0.033203125 0.05709876543209876
1 0.86669921875 0.25771604938271603 0.0341796875 0.08024691358024691
1 0.9833984375 0.033950617283950615 0.0283203125 0.06172839506172839
1 0.76318359375 0.24151234567901234 0.03515625 0.07253086419753087
1 0.53857421875 0.37191358024691357 0.0380859375 0.040123456790123455
1 0.8095703125 0.37808641975308643 0.0419921875 0.047839506172839504
1 0.79248046875 0.41975308641975306 0.0791015625 0.12962962962962962
1 0.69970703125 0.48842592592592593 0.05078125 0.10030864197530864
1 0.30322265625 0.7507716049382716 0.09375 0.2021604938271605
1 0.7275390625 0.36496913580246915 0.0390625 0.05092592592592592
1 0.1728515625 0.5594135802469136 0.033203125 0.029320987654320986
1 0.69775390625 0.3742283950617284 0.0341796875 0.07561728395061729
1 0.65576171875 0.5385802469135802 0.0595703125 0.09567901234567901
1 0.61181640625 0.33641975308641975 0.025390625 0.033950617283950615
1 0.81298828125 0.16512345679012347 0.0322265625 0.06327160493827161
1 0.79833984375 0.33796296296296297 0.0537109375 0.07098765432098765
1 0.7353515625 0.5385802469135802 0.07421875 0.125
1 0.83935546875 0.1404320987654321 0.02734375 0.05401234567901234
1 0.1162109375 0.5725308641975309 0.046875 0.047839506172839504
1 0.71728515625 0.3109567901234568 0.03125 0.07098765432098765
1 0.72998046875 0.4104938271604938 0.037109375 0.07716049382716049
1 0.61376953125 0.5015432098765432 0.0546875 0.0941358024691358
1 0.328125 0.6527777777777778 0.0634765625 0.06018518518518518
1 0.0224609375 0.7137345679012346 0.0380859375 0.09567901234567901
1 0.75341796875 0.49382716049382713 0.0390625 0.040123456790123455
1 0.8583984375 0.12654320987654322 0.02734375 0.05246913580246913
1 0.501953125 0.4012345679012346 0.0244140625 0.040123456790123455
1 0.1337890625 0.7237654320987654 0.0732421875 0.12345679012345678
1 0.23779296875 0.75 0.1123046875 0.1712962962962963
1 0.3681640625 0.7314814814814815 0.0712890625 0.2052469135802469
1 0.908203125 0.3680555555555556 0.0478515625 0.046296296296296294
1 0.76318359375 0.2006172839506173 0.025390625 0.041666666666666664
1 0.41845703125 0.4567901234567901 0.029296875 0.038580246913580245
1 0.03857421875 0.5632716049382716 0.0390625 0.05555555555555555
1 0.83837890625 0.2662037037037037 0.0341796875 0.09104938271604938
1 0.4521484375 0.6666666666666666 0.048828125 0.12037037037037036
1 0.69921875 0.41358024691358025 0.04296875 0.06327160493827161
1 0.78955078125 0.17669753086419754 0.025390625 0.046296296296296294
1 0.8681640625 0.48996913580246915 0.0546875 0.06327160493827161
1 0.791015625 0.26697530864197533 0.02734375 0.05864197530864197
1 0.6376953125 0.3464506172839506 0.0517578125 0.05709876543209876
1 0.4228515625 0.5594135802469136 0.0400390625 0.041666666666666664
1 0.9287109375 0.05864197530864197 0.0341796875 0.06172839506172839
1 0.58154296875 0.5540123456790124 0.052734375 0.06172839506172839
1 0.26416015625 0.5254629629629629 0.0302734375 0.041666666666666664
1 0.5 0.5964506172839507 0.052734375 0.09722222222222222
1 0.57373046875 0.37962962962962965 0.0478515625 0.05709876543209876
1 0.08544921875 0.5632716049382716 0.0498046875 0.06018518518518518
1 0.4189453125 0.6929012345679012 0.0595703125 0.15432098765432098
1 0.49658203125 0.4359567901234568 0.0390625 0.032407407407407406
1 0.265625 0.6944444444444444 0.0869140625 0.08950617283950617
1 0.306640625 0.6095679012345679 0.0478515625 0.04938271604938271
1 0.67138671875 0.4591049382716049 0.0654296875 0.06172839506172839
1 0.294921875 0.5177469135802469 0.0380859375 0.033950617283950615
1 0.3681640625 0.47453703703703703 0.0224609375 0.026234567901234566
1 0.1884765625 0.7160493827160493 0.0859375 0.0787037037037037
1 0.365234375 0.6489197530864198 0.06640625 0.07253086419753087
1 0.64501953125 0.3966049382716049 0.03125 0.030864197530864196
1 0.2138671875 0.691358024691358 0.0517578125 0.044753086419753084
1 0.455078125 0.5871913580246914 0.044921875 0.07253086419753087
1 0.40869140625 0.5933641975308642 0.0498046875 0.05401234567901234
1 0.55126953125 0.5162037037037037 0.041015625 0.033950617283950615
1 0.97412109375 0.3896604938271605 0.04296875 0.07253086419753087
1 0.38671875 0.5570987654320988 0.0439453125 0.043209876543209874
1 0.23779296875 0.5316358024691358 0.046875 0.038580246913580245
1 0.5361328125 0.4992283950617284 0.0478515625 0.046296296296296294
1 0.576171875 0.34953703703703703 0.05078125 0.035493827160493825
1 0.6513671875 0.3001543209876543 0.0224609375 0.046296296296296294
1 0.45703125 0.42746913580246915 0.0478515625 0.044753086419753084
1 0.24658203125 0.6435185185185185 0.0517578125 0.05709876543209876
1 0.3916015625 0.4675925925925926 0.03515625 0.035493827160493825
1 0.31103515625 0.5833333333333334 0.0419921875 0.05092592592592592
1 0.2890625 0.4976851851851852 0.0478515625 0.029320987654320986
1 0.44091796875 0.48225308641975306 0.041015625 0.038580246913580245
1 0.5625 0.5902777777777778 0.0791015625 0.11574074074074074
1 0.54345703125 0.5439814814814815 0.056640625 0.07561728395061729
1 0.36572265625 0.5532407407407407 0.037109375 0.043209876543209874
1 0.275390625 0.5601851851851852 0.03515625 0.040123456790123455
1 0.3818359375 0.5285493827160493 0.0400390625 0.038580246913580245
1 0.24951171875 0.5740740740740741 0.0302734375 0.030864197530864196
1 0.4052734375 0.5324074074074074 0.0322265625 0.040123456790123455
1 0.28662109375 0.5979938271604939 0.0419921875 0.05709876543209876
1 0.47900390625 0.46296296296296297 0.0478515625 0.043209876543209874
1 0.42138671875 0.47762345679012347 0.03125 0.043209876543209874
1 0.53369140625 0.4567901234567901 0.060546875 0.06018518518518518
1 0.61328125 0.4359567901234568 0.060546875 0.06172839506172839
1 0.45947265625 0.5177469135802469 0.0390625 0.05401234567901234
1 0.6318359375 0.30324074074074076 0.021484375 0.040123456790123455
1 0.2900390625 0.6535493827160493 0.0478515625 0.040123456790123455
1 0.48291015625 0.5015432098765432 0.0400390625 0.05555555555555555
1 0.6513671875 0.43132716049382713 0.044921875 0.05709876543209876
1 0.96240234375 0.017746913580246913 0.033203125 0.035493827160493825
1 0.2001953125 0.5470679012345679 0.04296875 0.032407407407407406
1 0.4658203125 0.39814814814814814 0.0361328125 0.027777777777777776
1 0.14111328125 0.6033950617283951 0.029296875 0.037037037037037035
1 0.5263671875 0.4027777777777778 0.0419921875 0.043209876543209874
1 0.4345703125 0.5200617283950617 0.041015625 0.05401234567901234
1 0.54833984375 0.3425925925925926 0.0341796875 0.024691358024691357
1 0.02099609375 0.6157407407407407 0.0361328125 0.033950617283950615
1 0.61328125 0.39274691358024694 0.046875 0.047839506172839504
1 0.38232421875 0.5833333333333334 0.046875 0.047839506172839504
1 0.5126953125 0.3757716049382716 0.0263671875 0.024691358024691357
1 0.33203125 0.48148148148148145 0.02734375 0.030864197530864196
1 0.162109375 0.5856481481481481 0.044921875 0.040123456790123455
1 0.67626953125 0.2908950617283951 0.0302734375 0.06172839506172839
1 0.51708984375 0.533179012345679 0.033203125 0.035493827160493825
1 0.34033203125 0.566358024691358 0.0341796875 0.043209876543209874
1 0.365234375 0.4984567901234568 0.04296875 0.040123456790123455
1 0.5478515625 0.41203703703703703 0.0283203125 0.033950617283950615
1 0.68505859375 0.5979938271604939 0.0390625 0.035493827160493825