1 0.8056640625 0.5546875 0.1298828125 0.19921875
1 0.1314453125 0.5820182291666667 0.17681640625 0.20610677083333329
1 0.322900390625 0.54671875 0.114384765625 0.1862239583333333
1 0.47103515625 0.5298177083333333 0.122197265625 0.1566666666666666
1 0.529228515625 0.5671484375 0.10206054687499999 0.23131510416666665
1 0.635673828125 0.5371484375 0.14876953124999992 0.18639322916666665
1 0.7619921875 0.4950390625 0.0982519531249999 0.14233072916666675
1 0.89875 0.5769661458333334 0.09373046875000002 0.14740885416666671
1 0.897802734375 0.4798046875 0.0723730468749999 0.10945312499999993
1 0.943759765625 0.5367447916666667 0.09088867187499994 0.21276041666666665
1 0.974609375 0.5494791666666666 0.05078125 0.203125
1 0.662900390625 0.4092708333333333 0.04949218750000006 0.03794270833333332
1 0.637763671875 0.4033203125 0.04201171874999998 0.04562499999999995
1 0.774482421875 0.4331770833333333 0.05734375000000003 0.03492187500000007
1 0.537001953125 0.4370442708333333 0.08026367187500005 0.039466145833333265
1 0.167314453125 0.5034505208333333 0.15716796875 0.12430989583333336
1 0.24658203125 0.5277473958333333 0.06203124999999998 0.17290364583333329
1 0.04189453125 0.5967838541666667 0.083779296875 0.18276041666666668
1 0.015576171875 0.47983072916666664 0.03115234375 0.046875
1 0.066044921875 0.4620703125 0.072841796875 0.06554687500000005
1 0.40935546875 0.4734375 0.12247070312499997 0.09249999999999996
1 0.73326171875 0.40101562500000004 0.03806640625000002 0.03641927083333337