1 0.7919921875 0.6315104166666666 0.15625 0.22916666666666666
1 0.12646484375 0.4869791666666667 0.203125 0.24739583333333334
1 0.3193359375 0.5006510416666666 0.138671875 0.21223958333333334
1 0.46728515625 0.5221354166666666 0.142578125 0.18489583333333334
1 0.51904296875 0.5735677083333334 0.1328125 0.2526041666666667
1 0.6279296875 0.5709635416666666 0.1728515625 0.22135416666666666
1 0.7578125 0.5618489583333334 0.1171875 0.1640625
1 0.88037109375 0.6770833333333334 0.11328125 0.16796875
1 0.8935546875 0.5813802083333334 0.0869140625 0.12630208333333334
1 0.93017578125 0.6490885416666666 0.1201171875 0.23177083333333334
1 0.958984375 0.6692708333333334 0.0791015625 0.21223958333333334
1 0.6728515625 0.4524739583333333 0.0537109375 0.049479166666666664
1 0.64892578125 0.4401041666666667 0.0478515625 0.055989583333333336
1 0.77880859375 0.5045572916666666 0.0615234375 0.049479166666666664
1 0.54541015625 0.4479166666666667 0.083984375 0.05859375
1 0.1728515625 0.4186197916666667 0.171875 0.16145833333333334
1 0.2470703125 0.462890625 0.0859375 0.18489583333333334
1 0.04541015625 0.4778645833333333 0.0908203125 0.20052083333333334
1 0.02734375 0.3567708333333333 0.037109375 0.053385416666666664
1 0.07958984375 0.3522135416666667 0.0810546875 0.08333333333333333
1 0.4150390625 0.451171875 0.1337890625 0.12239583333333333
1 0.7431640625 0.4622395833333333 0.04296875 0.045572916666666664