1 0.177734375 0.90234375 0.2109375 0.173828125
1 0.17122395833333334 0.78515625 0.12630208333333334 0.1064453125
1 0.4166666666666667 0.86279296875 0.21223958333333334 0.1572265625
1 0.3098958333333333 0.7880859375 0.13932291666666666 0.1064453125
1 0.3782552083333333 0.72998046875 0.11197916666666667 0.080078125
1 0.298828125 0.73193359375 0.06770833333333333 0.0498046875
1 0.4420572916666667 0.70947265625 0.061197916666666664 0.0361328125
1 0.5481770833333334 0.79248046875 0.17057291666666666 0.130859375
1 0.5872395833333334 0.82177734375 0.14453125 0.1240234375
1 0.5377604166666666 0.7158203125 0.0703125 0.0556640625
1 0.556640625 0.69140625 0.06380208333333333 0.033203125
1 0.6184895833333334 0.6748046875 0.045572916666666664 0.0302734375
1 0.6809895833333334 0.66845703125 0.049479166666666664 0.0322265625
1 0.6848958333333334 0.70068359375 0.11458333333333333 0.05859375
1 0.609375 0.69921875 0.053385416666666664 0.0478515625
1 0.650390625 0.73876953125 0.125 0.0830078125
1 0.7513020833333334 0.67333984375 0.046875 0.0537109375
1 0.802734375 0.6923828125 0.06380208333333333 0.0615234375
1 0.8489583333333334 0.65625 0.08203125 0.046875
1 0.853515625 0.68603515625 0.053385416666666664 0.0615234375
1 0.9140625 0.68408203125 0.08203125 0.0595703125
1 0.939453125 0.6279296875 0.049479166666666664 0.0546875
1 0.9108072916666666 0.60205078125 0.041666666666666664 0.037109375
1 0.8828125 0.6220703125 0.036458333333333336 0.0419921875
1 0.9830729166666666 0.59521484375 0.022135416666666668 0.0419921875