1 0.2158854166666667 0.91826171875 0.1966536458333333 0.1634765625000001
1 0.1984765625 0.801484375 0.11683593750000003 0.10068359374999991
1 0.4506380208333333 0.866455078125 0.1988281249999999 0.14695312500000002
1 0.3370703125 0.797333984375 0.12989583333333332 0.10014648437499996
1 0.40020833333333333 0.735830078125 0.1052213541666666 0.07510742187500008
1 0.3207421875 0.74181640625 0.0638541666666667 0.04680664062500006
1 0.46152343749999997 0.712158203125 0.058059895833333375 0.033203125
1 0.5750911458333333 0.789169921875 0.15891927083333326 0.12299804687500004
1 0.6168229166666667 0.816376953125 0.13352864583333326 0.1175585937500001
1 0.5580468749999999 0.7132421875 0.06531249999999995 0.05279296874999995
1 0.5740104166666666 0.687939453125 0.06095052083333341 0.030478515625000036
1 0.6345963541666667 0.668076171875 0.042812499999999996 0.02775390625000007
1 0.6962890625 0.658544921875 0.04717447916666669 0.02939453124999991
1 0.7031770833333333 0.690390625 0.11029947916666671 0.05279296874999995
1 0.6277083333333333 0.69310546875 0.049348958333333304 0.04517578124999999
1 0.6719661458333334 0.730390625 0.11756510416666661 0.0772851562500001
1 0.7666666666666666 0.659912109375 0.04281250000000014 0.051708984375000044
1 0.8196484375 0.676240234375 0.0587760416666668 0.05823242187500011
1 0.8624609375 0.637861328125 0.07764322916666681 0.04245117187500003
1 0.8697135416666667 0.666982421875 0.04861979166666656 0.059326171875
1 0.9303125 0.66208984375 0.07692708333333324 0.05605468750000009
1 0.9502734374999999 0.60466796875 0.044270833333333336 0.05224609375
1 0.9190625 0.58017578125 0.03846354166666662 0.03483398437500007
1 0.8933072916666666 0.601943359375 0.0333854166666668 0.04027343750000001
1 0.9909114583333333 0.569833984375 0.01816406250000006 0.0413671874999999