1 0.5595703125 0.3336968375136314 0.037109375 0.04798255179934569
1 0.52197265625 0.3658669574700109 0.04296875 0.06652126499454744
1 0.533203125 0.38058887677208286 0.0478515625 0.07960741548527808
1 0.6640625 0.3653217011995638 0.0361328125 0.04362050163576881
1 0.64599609375 0.3675027262813522 0.03125 0.04580152671755725
1 0.6318359375 0.38276990185387133 0.05859375 0.08287895310796074
1 0.5947265625 0.3647764449291167 0.0341796875 0.064340239912759
1 0.59423828125 0.33097055616139587 0.02734375 0.04798255179934569
1 0.57861328125 0.3756815703380589 0.03515625 0.07306434023991276
1 0.55712890625 0.39912758996728465 0.037109375 0.0752453653217012
1 0.47119140625 0.37731733914940024 0.0625 0.07851690294438386
1 0.46435546875 0.3505997818974918 0.0361328125 0.064340239912759
1 0.43408203125 0.3538713195201745 0.04296875 0.0752453653217012
1 0.41259765625 0.38331515812431843 0.033203125 0.08178844056706652
1 0.42822265625 0.430752453653217 0.05859375 0.12649945474372956
1 0.38720703125 0.42748091603053434 0.060546875 0.11777535441657579
1 0.48486328125 0.45965103598691387 0.0517578125 0.14394765539803708
1 0.51123046875 0.42857142857142855 0.0498046875 0.10687022900763359
1 0.55029296875 0.44820065430752454 0.0556640625 0.13086150490730644
1 0.58935546875 0.4525627044711014 0.0576171875 0.10905125408942203
1 0.63916015625 0.45038167938931295 0.056640625 0.10905125408942203
1 0.68994140625 0.3767720828789531 0.0419921875 0.07415485278080698
1 0.71044921875 0.3931297709923664 0.04296875 0.09269356597600872
1 0.72998046875 0.37786259541984735 0.0380859375 0.08724100327153762
1 0.869140625 0.44765539803707743 0.048828125 0.11014176663031625
1 0.83740234375 0.4323882224645583 0.052734375 0.1079607415485278
1 0.81298828125 0.4520174482006543 0.05078125 0.12540894220283533
1 0.77490234375 0.4105779716466739 0.046875 0.08178844056706652
1 0.75927734375 0.4580152671755725 0.068359375 0.13849509269356597
1 0.068359375 0.742639040348964 0.13671875 0.37949836423118866
1 0.2255859375 0.6504907306434023 0.1376953125 0.29880043620501634
1 0.5537109375 0.529989094874591 0.0771484375 0.18974918211559433
1 0.6162109375 0.5943293347873501 0.09765625 0.22246455834242093
1 0.66943359375 0.8151581243184297 0.1943359375 0.3696837513631407
1 0.93701171875 0.5676117775354417 0.083984375 0.19083969465648856