1 0.548828125 0.3293347873500545 0.0341796875 0.04580152671755725
1 0.513671875 0.3642311886586696 0.0390625 0.06324972737186478
1 0.52587890625 0.37840785169029445 0.04296875 0.07633587786259542
1 0.6552734375 0.35278080697928027 0.033203125 0.04143947655398037
1 0.63720703125 0.35659760087241005 0.0283203125 0.04362050163576881
1 0.6240234375 0.37295528898582336 0.0537109375 0.07851690294438386
1 0.5859375 0.35768811341330425 0.0302734375 0.062159214830970554
1 0.58349609375 0.3238822246455834 0.0244140625 0.04580152671755725
1 0.57080078125 0.3696837513631407 0.03125 0.07088331515812432
1 0.55078125 0.39476553980370777 0.0322265625 0.07306434023991276
1 0.46337890625 0.38004362050163576 0.0576171875 0.07415485278080698
1 0.455078125 0.3538713195201745 0.0322265625 0.062159214830970554
1 0.42529296875 0.35932388222464556 0.0380859375 0.07197382769901854
1 0.40576171875 0.3904034896401309 0.0283203125 0.07960741548527808
1 0.42431640625 0.4367502726281352 0.05078125 0.12322791712104689
1 0.3828125 0.4362050163576881 0.0537109375 0.1134133042529989
1 0.482421875 0.4607415485278081 0.04296875 0.1406761177753544
1 0.5068359375 0.42802617230098144 0.04296875 0.10359869138495092
1 0.546875 0.44438386041439476 0.0478515625 0.12758996728462377
1 0.5859375 0.44547437295528897 0.05078125 0.10577971646673937
1 0.6357421875 0.4394765539803708 0.0498046875 0.10577971646673937
1 0.681640625 0.36205016357688113 0.037109375 0.07197382769901854
1 0.703125 0.3767720828789531 0.037109375 0.09051254089422028
1 0.7216796875 0.3604143947655398 0.033203125 0.08505997818974918
1 0.86474609375 0.4193020719738277 0.0419921875 0.10687022900763359
1 0.83251953125 0.40621592148309704 0.0458984375 0.10468920392584515
1 0.80908203125 0.42802617230098144 0.04296875 0.12213740458015267
1 0.7685546875 0.3892257360959651 0.0419921875 0.0786913849509269
1 0.755859375 0.43784078516902947 0.060546875 0.1341330425299891
1 0.07177734375 0.7769901853871319 0.140625 0.3696837513631407
1 0.23583984375 0.6717557251908397 0.1201171875 0.2900763358778626
1 0.5556640625 0.5256270447110142 0.0654296875 0.18538713195201745
1 0.62158203125 0.5850599781897492 0.083984375 0.2159214830970556
1 0.68896484375 0.8091603053435115 0.1708984375 0.37404580152671757
1 0.93994140625 0.5332606324972737 0.072265625 0.18538713195201745