1 0.5107421875 0.9579715762273903 0.04793945312499992 0.08405684754521957
1 0.184208984375 0.7241602067183462 0.027851562499999982 0.06068475452196386
1 0.5546875 0.9392764857881137 0.03130859374999995 0.05599483204134356
1 0.385986328125 0.9308785529715762 0.05154296874999997 0.08365633074935401
1 0.04849609375 0.9547803617571059 0.056337890625 0.0859948320413436
1 0.544921875 0.8158914728682171 0.04009765624999995 0.07400516795865629
1 0.17431640625 0.8107235142118863 0.033017578125 0.06722222222222218
1 0.249267578125 0.8972868217054264 0.03802734375000005 0.05401808785529709
1 0.69140625 0.936046511627907 0.03622070312499992 0.06735142118863063
1 0.48046875 0.48546511627906974 0.0390625 0.04711886304909564
1 0.98388671875 0.4005167958656331 0.0322265625 0.04392764857881137
1 0.230107421875 0.6718346253229974 0.0375390625 0.062054263565891436
1 0.81005859375 0.6531007751937985 0.03284179687500011 0.061692506459948324
1 0.3916015625 0.6925064599483204 0.026914062499999947 0.0664599483204135
1 0.6494140625 0.9599483204134367 0.03775390625000008 0.0786046511627906
1 0.9326171875 0.4102067183462532 0.03360351562500008 0.04755813953488365
1 0.1444140625 0.39502583979328165 0.022539062499999984 0.03711886304909563
1 0.1658984375 0.9722222222222222 0.04208007812500003 0.04368217054263559
1 0.416015625 0.5859173126614987 0.02522460937500004 0.05204134366925061
1 0.08990234375 0.810077519379845 0.03677734375 0.06657622739018085
1 0.0838671875 0.4647932816537468 0.042177734375 0.04368217054263559
1 0.332763671875 0.9160206718346253 0.04031249999999997 0.0790568475452197
1 0.896484375 0.6931524547803618 0.028105468749999973 0.06355297157622745
1 0.984375 0.42603359173126615 0.021777343749999956 0.047919896640826916
1 0.348876953125 0.7551679586563308 0.041142578124999996 0.06771317829457375
1 0.8857421875 0.44993540051679587 0.04312500000000008 0.0514728682170543
1 0.869140625 0.6770025839793282 0.02546874999999993 0.06524547803617571
1 0.243408203125 0.7525839793281653 0.03726562499999997 0.07493540051679587
1 0.228642578125 0.9295865633074936 0.052128906249999996 0.07468992248062009
1 0.45703125 0.481266149870801 0.030048828124999982 0.045620155038759616
1 0.413818359375 0.7461240310077519 0.04977539062500003 0.06896640826873399
1 0.7001953125 0.7622739018087855 0.029082031249999973 0.06136950904392765
1 0.54931640625 0.7596899224806202 0.031142578125000098 0.0527260981912144
1 0.171630859375 0.937984496124031 0.0394921875 0.04704134366925075
1 0.479248046875 0.872093023255814 0.029033203125000018 0.07833333333333348
1 0.30224609375 0.9534883720930233 0.04288085937499997 0.06355297157622745
1 0.130009765625 0.812015503875969 0.042236328125 0.06463824289405681
1 0.298583984375 0.6489018087855297 0.023417968750000018 0.07263565891472872
1 0.062802734375 0.4011627906976744 0.019375000000000003 0.045904392764857846
1 0.6572265625 0.8113695090439277 0.03137695312500011 0.07343669250645984
1 0.203251953125 0.9644702842377261 0.03469726562499997 0.04909560723514212
1 0.4912109375 0.8126614987080103 0.04535156250000005 0.0664599483204135
1 0.5166015625 0.7015503875968992 0.0341796875 0.05749354005167959
1 0.59228515625 0.7177002583979328 0.03366210937500003 0.04909560723514212
1 0.63671875 0.8145994832041343 0.02595703124999993 0.07065891472868224
1 0.39697265625 0.8746770025839793 0.031865234374999996 0.05341085271317819
1 0.958984375 0.3856589147286822 0.025419921874999973 0.043281653746770024
1 0.422607421875 0.9719250645994831 0.039433593749999996 0.05613695090439282
1 0.505859375 0.8953488372093024 0.04296875 0.07142118863049092
1 0.56884765625 0.45219638242894056 0.026806640625000044 0.050503875968992286
1 0.172119140625 0.3863049095607235 0.028867187500000002 0.04255813953488379
1 0.57958984375 0.5274547803617571 0.04281249999999992 0.04622739018087852
1 0.447998046875 0.8249354005167958 0.04256835937500003 0.07372093023255807
1 0.213505859375 0.394702842377261 0.024384765625000027 0.04034883720930235
1 0.265380859375 0.9709302325581395 0.04009765624999995 0.05373385012919886
1 0.8603515625 0.4819121447028424 0.030380859374999902 0.054870801033591765
1 0.6611328125 0.6498708010335917 0.03372070312499997 0.06342377260981902
1 0.70458984375 0.6392118863049095 0.02914062499999992 0.06180878552971566
1 0.074765625 0.9063307493540051 0.038759765625 0.07235142118863049
1 0.052919921875 0.8824289405684754 0.042392578125 0.07223514211886316
1 0.9541015625 0.3653100775193798 0.02669921874999992 0.03169250645994828
1 0.203740234375 0.34270025839793283 0.02470703125000001 0.04095607235142125
1 0.578125 0.499031007751938 0.047607421875 0.04095607235142125
1 0.0746484375 0.6944444444444444 0.01876953125 0.04901808785529723
1 0.464111328125 0.7351421188630491 0.03817382812500003 0.06112403100775187
1 0.67724609375 0.9089147286821705 0.02555664062500007 0.06476744186046526
1 0.40966796875 0.791343669250646 0.04083007812499995 0.04808785529715766
1 0.64501953125 0.6295219638242894 0.025908203124999973 0.04974160206718346
1 0.0809375 0.4102067183462532 0.019560546875 0.04288113695090447
1 0.26171875 0.6350129198966409 0.025273437499999996 0.0527260981912144
1 0.82861328125 0.6253229974160207 0.024472656249999947 0.06148578811369513
1 0.9169921875 0.5607235142118863 0.030332031249999947 0.05078811369509037
1 0.7900390625 0.6191860465116279 0.024189453124999982 0.06273901808785523
1 0.029980468750000003 0.8746770025839793 0.03689453125 0.061692506459948324
1 0.380126953125 0.44089147286821706 0.029033203125000018 0.040813953488372134
1 0.7578125 0.5578165374677002 0.023144531250000044 0.048294573643410846
1 0.365234375 0.8339793281653747 0.04434570312499997 0.07025839793281669
1 0.57470703125 0.9844702842377261 0.03475585937499992 0.03104651162790694
1 0.329833984375 0.8630490956072352 0.041630859374999996 0.06286821705426367
1 0.390869140625 0.5723514211886305 0.029814453124999973 0.06322997416020679
1 0.030849609375 0.3830749354005168 0.014560546875000004 0.03797157622739016
1 0.305908203125 0.8682170542635659 0.04131835937499995 0.06068475452196386
1 0.4990234375 0.7629198966408268 0.03912109374999995 0.06068475452196386
1 0.406005859375 0.4615633074935401 0.026103515625000018 0.039754521963824264
1 0.72021484375 0.8003875968992248 0.020527343749999982 0.05414728682170553
1 0.4052734375 0.6227390180878553 0.023378906250000053 0.06722222222222218
1 0.11181640625 0.9108527131782945 0.024746093750000003 0.06972868217054268
1 0.8466796875 0.6660206718346253 0.023076171875000107 0.058462532299741604
1 0.32470703125 0.8204134366925064 0.0322265625 0.04468992248062005
1 0.409423828125 0.8436692506459949 0.04345703125 0.06883720930232555
1 0.66162109375 0.7390180878552972 0.019755859375000018 0.06391472868217057
1 0.83837890625 0.4208656330749354 0.022724609374999982 0.040051679586563305
1 0.11517578125 0.37693798449612403 0.01710937500000001 0.02213178294573643
1 0.189091796875 0.4977390180878553 0.025126953125000018 0.04112403100775199
1 0.5693359375 0.42958656330749356 0.024052734375000107 0.03828165374677002
1 0.322998046875 0.4273255813953488 0.03010742187500004 0.03629198966408273
1 0.61474609375 0.6430878552971576 0.02848632812500007 0.05059431524547814
1 0.256103515625 0.34270025839793283 0.02034179687500004 0.03763565891472868
1 0.07763671875 0.8391472868217055 0.039638671875 0.06682170542635663
1 0.23376953125 0.3969638242894057 0.022539062499999984 0.04510335917312657
1 0.2049609375 0.3772609819121447 0.024228515625000002 0.03319121447028431
1 0.40625 0.5119509043927648 0.05728515624999997 0.039082687338501294
1 0.042392578125 0.46188630490956073 0.047001953124999996 0.044289405684754486
1 0.167724609375 0.4851421188630491 0.03216796875 0.04994832041343665
1 0.100712890625 0.667312661498708 0.02418945312500001 0.04043927648578805
1 0.70849609375 0.42344961240310075 0.017441406249999902 0.0393023255813953
1 0.81298828125 0.41440568475452194 0.020888671875000098 0.04894056847545219
1 0.78759765625 0.40633074935400515 0.024707031249999956 0.05023255813953488
1 0.11474609375 0.7713178294573644 0.04092773437499997 0.06585271317829461
1 0.8486328125 0.6282299741602068 0.022412109375000044 0.05071059431524548
1 0.397216796875 0.5287467700258398 0.030957031250000044 0.04027131782945731
1 0.14453125 0.4583333333333333 0.029208984375000024 0.0436046511627907
1 0.5185546875 0.48643410852713176 0.05655273437500008 0.05341085271317834
1 0.58642578125 0.6595607235142119 0.02816406249999992 0.03914728682170537
1 0.75439453125 0.5872093023255814 0.02237304687500008 0.05640826873385009
1 0.25146484375 0.43410852713178294 0.03216796875000005 0.023178294573643482
1 0.25341796875 0.3678940568475452 0.026064453125000053 0.03983204134366931
1 0.5947265625 0.4667312661498708 0.021992187499999982 0.03886304909560729
1 0.285400390625 0.4415374677002584 0.036992187499999996 0.03440568475452196
1 0.9619140625 0.4509043927648579 0.03010742187499993 0.043359173126614914
1 0.0130859375 0.46124031007751937 0.026171875 0.0407364341085271
1 0.23181640625 0.4877260981912145 0.026552734374999998 0.04711886304909564
1 0.166142578125 0.45671834625323 0.03817382812500003 0.042312661498708014
1 0.1826171875 0.34463824289405687 0.016582031250000018 0.04400516795865626
1 0.240966796875 0.45542635658914726 0.03130859374999995 0.0407364341085271
1 0.377197265625 0.39018087855297157 0.014736328125000031 0.041421188630490886
1 0.26611328125 0.41311369509043927 0.021289062499999956 0.0401291989664082
1 0.61865234375 0.5998062015503876 0.027802734375000027 0.04740310077519387
1 0.8642578125 0.6243540051679587 0.022587890625000107 0.046149870801033624
1 0.09369140625 0.7319121447028424 0.028164062500000003 0.03678294573643415
1 0.77587890625 0.5500645994832042 0.020644531250000098 0.04837209302325588
1 0.6181640625 0.5339147286821705 0.04876953125000005 0.061808785529715804
1 0.79443359375 0.5264857881136951 0.019062499999999982 0.03363049095607232
1 0.44921875 0.9593023255813954 0.022080078125000013 0.027842377260981852
1 0.275634765625 0.8753229974160207 0.04208007812500003 0.07170542635658915
1 0.591796875 0.7868217054263565 0.02791015624999993 0.07493540051679587
1 0.83349609375 0.45704134366925064 0.02091796875000007 0.05414728682170539
1 0.6884765625 0.5852713178294574 0.02676757812500008 0.0527260981912144
1 0.71044921875 0.3911498708010336 0.021455078125000027 0.04112403100775199
1 0.1463671875 0.6970284237726099 0.02460937499999999 0.03187338501291999
1 0.354736328125 0.9832041343669251 0.03155273437499995 0.03319121447028431
1 0.390869140625 0.3798449612403101 0.02041992187499997 0.03211886304909563
1 0.67333984375 0.4450904392764858 0.021015624999999982 0.05587855297157623
1 0.5341796875 0.7351421188630491 0.03768554687499992 0.05890180878552961
1 0.290771484375 0.40988372093023256 0.03290039062500005 0.041343669250646
1 0.21521484375 0.5655684754521964 0.026347656250000018 0.054754521963824285
1 0.6337890625 0.6602067183462532 0.02360351562500007 0.04772609819121454
1 0.1083984375 0.4034237726098191 0.018125000000000002 0.04151162790697674
1 0.46337890625 0.8901808785529716 0.02669921875000003 0.06936692506459956
1 0.336181640625 0.5549095607235142 0.028056640625000018 0.06011627906976741
1 0.6748046875 0.6069121447028424 0.03277343749999995 0.05507751937984495
1 0.60888671875 0.979328165374677 0.03204101562499995 0.039974160206718415
1 0.68408203125 0.3911498708010336 0.022724609374999982 0.03878552971576225
1 0.15771484375 0.6627906976744186 0.0375390625 0.0509948320413437
1 0.053896484375 0.8074935400516796 0.04904296875 0.06573643410852727
1 0.415771484375 0.541343669250646 0.02595703125000004 0.05204134366925061
1 0.106689453125 0.9819121447028424 0.04443359375 0.03369509043927639
1 0.66748046875 0.38016795865633074 0.018046875000000018 0.045620155038759616
1 0.68310546875 0.42151162790697677 0.019267578125000018 0.032803617571059415
1 0.33056640625 0.40406976744186046 0.03726562499999997 0.04344961240310077