1 0.55859375 0.9515503875968992 0.056640625 0.0917312661498708
1 0.2109375 0.7803617571059431 0.0341796875 0.06459948320413436
1 0.6005859375 0.9250645994832042 0.037109375 0.060723514211886306
1 0.4326171875 0.9476744186046512 0.0595703125 0.0917312661498708
1 0.57763671875 0.8042635658914729 0.0478515625 0.08010335917312661
1 0.2099609375 0.8675710594315246 0.0400390625 0.07235142118863049
1 0.29345703125 0.9392764857881137 0.04296875 0.060723514211886306
1 0.7353515625 0.896640826873385 0.04296875 0.07364341085271318
1 0.47900390625 0.48901808785529716 0.0439453125 0.05426356589147287
1 0.96875 0.31266149870801035 0.0361328125 0.04909560723514212
1 0.2509765625 0.7196382428940569 0.0439453125 0.06847545219638243
1 0.8232421875 0.5943152454780362 0.0390625 0.06718346253229975
1 0.4130859375 0.710594315245478 0.033203125 0.0710594315245478
1 0.6962890625 0.9276485788113695 0.0458984375 0.08527131782945736
1 0.9189453125 0.3313953488372093 0.0380859375 0.05297157622739018
1 0.13671875 0.46124031007751937 0.0263671875 0.041343669250646
1 0.42578125 0.6007751937984496 0.0302734375 0.05555555555555555
1 0.12646484375 0.8824289405684754 0.04296875 0.07235142118863049
1 0.083984375 0.5419896640826873 0.0458984375 0.050387596899224806
1 0.3779296875 0.9425064599483204 0.0478515625 0.08527131782945736
1 0.9130859375 0.6182170542635659 0.0341796875 0.06847545219638243
1 0.9716796875 0.33785529715762275 0.0263671875 0.05167958656330749
1 0.376953125 0.7803617571059431 0.0478515625 0.07493540051679587
1 0.876953125 0.3791989664082687 0.0478515625 0.059431524547803614
1 0.88427734375 0.6072351421188631 0.0322265625 0.06976744186046512
1 0.2724609375 0.7971576227390181 0.044921875 0.08139534883720931
1 0.27587890625 0.9664082687338501 0.0595703125 0.06718346253229975
1 0.45556640625 0.4896640826873385 0.0341796875 0.050387596899224806
1 0.4404296875 0.7596899224806202 0.056640625 0.07751937984496124
1 0.72607421875 0.7228682170542635 0.03515625 0.06589147286821706
1 0.576171875 0.748062015503876 0.0361328125 0.05813953488372093
1 0.22021484375 0.9832041343669251 0.0439453125 0.03359173126614987
1 0.5185546875 0.872093023255814 0.037109375 0.082687338501292
1 0.3515625 0.9748062015503876 0.048828125 0.050387596899224806
1 0.16650390625 0.8772609819121447 0.048828125 0.07235142118863049
1 0.31640625 0.6847545219638242 0.03125 0.07622739018087855
1 0.056640625 0.48255813953488375 0.0244140625 0.04909560723514212
1 0.6884765625 0.7790697674418605 0.0390625 0.07881136950904392
1 0.2548828125 0.9935400516795866 0.0390625 0.012919896640826873
1 0.5244140625 0.8113695090439277 0.0517578125 0.07364341085271318
1 0.53759765625 0.6963824289405685 0.0400390625 0.06330749354005168
1 0.6142578125 0.6983204134366925 0.0380859375 0.05426356589147287
1 0.66845703125 0.7861757105943152 0.033203125 0.07493540051679587
1 0.4375 0.8901808785529716 0.037109375 0.05813953488372093
1 0.9423828125 0.3023255813953488 0.029296875 0.04780361757105943
1 0.47265625 0.9748062015503876 0.044921875 0.050387596899224806
1 0.54736328125 0.8901808785529716 0.0498046875 0.07881136950904392
1 0.56298828125 0.43992248062015504 0.0322265625 0.05555555555555555
1 0.16357421875 0.4476744186046512 0.033203125 0.04780361757105943
1 0.58154296875 0.5122739018087855 0.046875 0.05426356589147287
1 0.48291015625 0.8313953488372093 0.0498046875 0.08139534883720931
1 0.205078125 0.4483204134366925 0.0283203125 0.04392764857881137
1 0.3173828125 0.9896640826873385 0.044921875 0.020671834625323
1 0.85498046875 0.4160206718346253 0.0361328125 0.059431524547803614
1 0.67529296875 0.6188630490956072 0.0400390625 0.06847545219638243
1 0.71728515625 0.6001291989664083 0.03515625 0.06718346253229975
1 0.12158203125 0.9702842377260982 0.0458984375 0.059431524547803614
1 0.09716796875 0.960594315245478 0.0498046875 0.07881136950904392
1 0.935546875 0.28294573643410853 0.029296875 0.03617571059431524
1 0.18994140625 0.39857881136950907 0.0283203125 0.04521963824289406
1 0.5771484375 0.4844961240310077 0.0517578125 0.04909560723514212
1 0.09912109375 0.770671834625323 0.0234375 0.05167958656330749
1 0.4892578125 0.7396640826873385 0.0439453125 0.06718346253229975
1 0.71875 0.872093023255814 0.0322265625 0.06847545219638243
1 0.44140625 0.8049095607235142 0.0458984375 0.05555555555555555
1 0.6572265625 0.601421188630491 0.03125 0.05426356589147287
1 0.07568359375 0.4883720930232558 0.0234375 0.046511627906976744
1 0.2783203125 0.6776485788113695 0.0302734375 0.056847545219638244
1 0.83837890625 0.5633074935400517 0.0302734375 0.06589147286821706
1 0.91943359375 0.48320413436692505 0.03515625 0.05555555555555555
1 0.7998046875 0.5645994832041343 0.0302734375 0.06718346253229975
1 0.07373046875 0.9573643410852714 0.04296875 0.06847545219638243
1 0.375 0.46382428940568476 0.033203125 0.04521963824289406
1 0.76123046875 0.5096899224806202 0.0283203125 0.05167958656330749
1 0.40185546875 0.8552971576227391 0.0517578125 0.07751937984496124
1 0.625 0.9657622739018088 0.0380859375 0.037467700258397935
1 0.36962890625 0.8908268733850129 0.0478515625 0.06976744186046512
1 0.3994140625 0.5917312661498708 0.0361328125 0.06847545219638243
1 0.02294921875 0.4702842377260982 0.0185546875 0.040051679586563305
1 0.3466796875 0.900516795865633 0.046875 0.06718346253229975
1 0.52685546875 0.7603359173126615 0.044921875 0.06718346253229975
1 0.40283203125 0.479328165374677 0.0302734375 0.04392764857881137
1 0.74951171875 0.7571059431524548 0.0263671875 0.056847545219638244
1 0.4189453125 0.6388888888888888 0.0302734375 0.0710594315245478
1 0.15869140625 0.9702842377260982 0.0322265625 0.059431524547803614
1 0.86083984375 0.6007751937984496 0.029296875 0.06201550387596899
1 0.3603515625 0.849483204134367 0.0361328125 0.050387596899224806
1 0.4462890625 0.8572351421188631 0.0498046875 0.07622739018087855
1 0.68505859375 0.7067183462532299 0.0263671875 0.06718346253229975
1 0.82666015625 0.35917312661498707 0.0263671875 0.04392764857881137
1 0.10595703125 0.44896640826873385 0.01953125 0.02454780361757106
1 0.19189453125 0.5549095607235142 0.029296875 0.04521963824289406
1 0.56103515625 0.417312661498708 0.0283203125 0.04263565891472868
1 0.31689453125 0.46059431524547806 0.033203125 0.041343669250646
1 0.62890625 0.6208010335917312 0.033203125 0.05555555555555555
1 0.24169921875 0.3888888888888889 0.0244140625 0.041343669250646
1 0.1171875 0.91343669250646 0.0458984375 0.07364341085271318
1 0.2255859375 0.4470284237726098 0.02734375 0.04909560723514212
1 0.19482421875 0.43281653746770027 0.02734375 0.037467700258397935
1 0.408203125 0.5290697674418605 0.060546875 0.04909560723514212
1 0.04296875 0.5465116279069767 0.05078125 0.05297157622739018
1 0.16943359375 0.5465116279069767 0.037109375 0.05555555555555555
1 0.1220703125 0.7390180878552972 0.0283203125 0.04392764857881137
1 0.6982421875 0.3856589147286822 0.021484375 0.04263565891472868
1 0.80078125 0.3578811369509044 0.025390625 0.05167958656330749
1 0.77490234375 0.35400516795865633 0.029296875 0.05426356589147287
1 0.14697265625 0.8397932816537468 0.0478515625 0.07235142118863049
1 0.85888671875 0.5626614987080103 0.02734375 0.05426356589147287
1 0.4013671875 0.5471576227390181 0.03515625 0.04521963824289406
1 0.1435546875 0.5239018087855297 0.033203125 0.04909560723514212
1 0.51708984375 0.48320413436692505 0.0615234375 0.06330749354005168
1 0.6025390625 0.6421188630490956 0.0322265625 0.04392764857881137
1 0.76123046875 0.539405684754522 0.0283203125 0.059431524547803614
1 0.2470703125 0.4806201550387597 0.0341796875 0.028423772609819122
1 0.24169921875 0.41472868217054265 0.0302734375 0.04392764857881137
1 0.59033203125 0.4496124031007752 0.025390625 0.04263565891472868
1 0.28125 0.4819121447028424 0.0400390625 0.041343669250646
1 0.9521484375 0.36627906976744184 0.0341796875 0.04909560723514212
1 0.01416015625 0.5510335917312662 0.0283203125 0.04521963824289406
1 0.23291015625 0.537467700258398 0.03125 0.05167958656330749
1 0.1650390625 0.5187338501291989 0.0419921875 0.04909560723514212
1 0.16943359375 0.4043927648578811 0.021484375 0.046511627906976744
1 0.23876953125 0.5038759689922481 0.03515625 0.046511627906976744
1 0.36669921875 0.4140826873385013 0.0185546875 0.04392764857881137
1 0.25927734375 0.45671834625323 0.025390625 0.04392764857881137
1 0.6279296875 0.5768733850129198 0.0322265625 0.05167958656330749
1 0.8740234375 0.5562015503875969 0.02734375 0.050387596899224806
1 0.1220703125 0.8042635658914729 0.0322265625 0.041343669250646
1 0.7783203125 0.49870801033591733 0.025390625 0.05167958656330749
1 0.62060546875 0.5116279069767442 0.0546875 0.06976744186046512
1 0.79443359375 0.4722222222222222 0.0224609375 0.03617571059431524
1 0.498046875 0.9644702842377261 0.0244140625 0.031007751937984496
1 0.3173828125 0.9127906976744186 0.048828125 0.07881136950904392
1 0.62109375 0.7674418604651163 0.03515625 0.07881136950904392
1 0.82568359375 0.39599483204134367 0.0263671875 0.056847545219638244
1 0.69580078125 0.5497416020671835 0.0322265625 0.056847545219638244
1 0.69677734375 0.35335917312661497 0.025390625 0.04521963824289406
1 0.17041015625 0.7603359173126615 0.02734375 0.03617571059431524
1 0.40625 0.9928940568475452 0.03515625 0.014211886304909561
1 0.37939453125 0.4011627906976744 0.0234375 0.03617571059431524
1 0.666015625 0.4134366925064599 0.0263671875 0.059431524547803614
1 0.55859375 0.7267441860465116 0.0439453125 0.06589147286821706
1 0.283203125 0.44896640826873385 0.037109375 0.046511627906976744
1 0.22509765625 0.6175710594315246 0.0322265625 0.059431524547803614
1 0.6494140625 0.6337209302325582 0.0283203125 0.05167958656330749
1 0.10205078125 0.47674418604651164 0.0224609375 0.04392764857881137
1 0.5048828125 0.8934108527131783 0.0341796875 0.07364341085271318
1 0.34375 0.584625322997416 0.0341796875 0.06459948320413436
1 0.6845703125 0.5736434108527132 0.0380859375 0.060723514211886306
1 0.658203125 0.9547803617571059 0.0361328125 0.04521963824289406
1 0.6708984375 0.35852713178294576 0.0263671875 0.04263565891472868
1 0.17822265625 0.7241602067183462 0.04296875 0.056847545219638244
1 0.0908203125 0.8869509043927648 0.0556640625 0.07364341085271318
1 0.4208984375 0.5562015503875969 0.03125 0.056847545219638244
1 0.6533203125 0.3507751937984496 0.0224609375 0.04909560723514212
1 0.6728515625 0.38824289405684753 0.0224609375 0.03617571059431524
1 0.322265625 0.436046511627907 0.041015625 0.050387596899224806