1 0.24169921875 0.4237536656891496 0.0361328125 0.04985337243401759
1 0.853994140625 0.8967008797653958 0.06939453124999995 0.06611436950146615
1 0.902431640625 0.885850439882698 0.03945312500000009 0.06451612903225806
1 0.738642578125 0.9495894428152493 0.04861328124999997 0.07139296187683293
1 0.67431640625 0.9728739002932552 0.0439453125 0.054252199413489736
1 0.721728515625 0.7332844574780059 0.060585937499999964 0.05976539589442814
1 0.76576171875 0.7063049853372434 0.05988281249999994 0.07033724340175958
1 0.731064453125 0.6264516129032258 0.05530273437500011 0.07139296187683293
1 0.76681640625 0.6528885630498533 0.02253906249999993 0.04917888563049848
1 0.790771484375 0.6753665689149561 0.02888671874999993 0.050777126099706735
1 0.834619140625 0.700483870967742 0.0433203124999999 0.06822580645161286
1 0.883232421875 0.7195307917888564 0.05459960937500008 0.05552785923753666
1 0.872666015625 0.6909677419354839 0.0433203124999999 0.046011730205278586
1 0.9179296875 0.5595454545454546 0.03381835937500011 0.06134897360703817
1 0.944873046875 0.5717155425219942 0.029238281250000053 0.04337243401759537
1 0.97779296875 0.6388709677419354 0.030966796875000036 0.04548387096774191
1 0.948193359375 0.6825073313782991 0.054248046874999956 0.06293255131964803
1 0.949599609375 0.6282991202346041 0.047900390624999956 0.051832844574780094
1 0.977421875 0.5143255131964809 0.04368164062500002 0.057653958944281596
1 0.866826171875 0.37549853372434017 0.04508789062500007 0.059237536656891465
1 0.9326953125 0.3770821114369502 0.05212890625000011 0.05711143695014669
1 0.93234375 0.3932111436950147 0.03522460937499994 0.040718475073313755
1 0.95751953125 0.4556158357771261 0.0433203124999999 0.06293255131964803
1 0.92353515625 0.44583577712609973 0.03663085937499999 0.051832844574780094
1 0.661005859375 0.42193548387096774 0.04948242187500007 0.06140762463343108
1 0.692568359375 0.4587096774193548 0.02676757812500008 0.033357771260997066
1 0.66328125 0.48145161290322586 0.0328222656249999 0.04397360703812318
1 0.58677734375 0.5170967741935484 0.04443359375 0.05609970674486802
1 0.616318359375 0.589882697947214 0.02979492187499999 0.05307917888563057
1 0.6082421875 0.6490175953079179 0.02979492187499999 0.057624633431084975
1 0.664287109375 0.6789736070381232 0.05807617187500003 0.05535190615835777
1 0.4830078125 0.4879032258064516 0.04696289062499992 0.05535190615835777
1 0.5521875 0.6220967741935484 0.053017578124999964 0.05535190615835777
1 0.471640625 0.6854105571847507 0.05251953124999997 0.054589442815249294
1 0.352978515625 0.5621994134897361 0.05454101562500002 0.05989736070381235
1 0.39892578125 0.6558357771260996 0.03433593749999997 0.051554252199413446
1 0.362314453125 0.5159530791788857 0.030800781249999964 0.04777126099706751
1 0.314853515625 0.5424926686217009 0.02474609375000003 0.06900293255131956
1 0.5140625 0.6804838709677419 0.028281250000000036 0.06140762463343108
1 0.4688671875 0.7737390029325514 0.05503906250000001 0.06444281524926693
1 0.571376953125 0.8863343108504399 0.04089843750000011 0.05913489736070371
1 0.56986328125 0.8040762463343109 0.03989257812499991 0.06747800586510261
1 0.604453125 0.6967888563049853 0.038378906249999956 0.05004398826979471
1 0.606728515625 0.7653958944281525 0.03787109374999997 0.04928152492668607
1 0.6486328125 0.74683284457478 0.04696289062499992 0.06824046920821109
1 0.2815234375 0.6088269794721408 0.06008789062499997 0.05609970674486802
1 0.273193359375 0.7138416422287389 0.04342773437500003 0.05231671554252192
1 0.304248046875 0.7581964809384165 0.021708984375000018 0.06217008797653972
1 0.216630859375 0.827199413489736 0.05756835937499999 0.06217008797653972
1 0.169921875 0.9041495601173021 0.05100585937500002 0.061407624633431246
1 0.3436328125 0.9238709677419356 0.05605468749999998 0.059897360703812186
1 0.444375 0.8904985337243403 0.050498046875000036 0.059897360703812186
1 0.02828125 0.9454692082111437 0.05554687500000001 0.0652052785923754
1 0.053271484375 0.8696480938416422 0.03888671874999999 0.06217008797653972
1 0.044189453125 0.708533724340176 0.049990234375 0.06140762463343108
1 0.151494140625 0.644090909090909 0.02828124999999998 0.06747800586510261
1 0.12169921875 0.6584897360703812 0.02323242187500002 0.04777126099706751
1 0.1638671875 0.5838123167155426 0.047968750000000004 0.05307917888563057
1 0.18078125 0.5731964809384165 0.040400390625000004 0.04851906158357776
1 0.19365234375 0.5485630498533725 0.03383789062499998 0.06293255131964803
1 0.227236328125 0.5459090909090909 0.03535156249999999 0.051554252199413446