1 0.25 0.37683284457478006 0.0400390625 0.05571847507331378
1 0.8193359375 0.9582111436950147 0.07421875 0.07771260997067449
1 0.8681640625 0.9567448680351907 0.0439453125 0.0718475073313783
1 0.69970703125 0.9750733137829912 0.0537109375 0.04985337243401759
1 0.63427734375 0.9853372434017595 0.0478515625 0.02932551319648094
1 0.701171875 0.7719941348973607 0.0654296875 0.07038123167155426
1 0.7470703125 0.7536656891495601 0.0654296875 0.08064516129032258
1 0.71923828125 0.6678885630498533 0.060546875 0.08064516129032258
1 0.75244140625 0.7008797653958945 0.0263671875 0.05278592375366569
1 0.7744140625 0.7272727272727273 0.033203125 0.05571847507331378
1 0.81591796875 0.7602639296187683 0.048828125 0.07624633431085044
1 0.86279296875 0.7881231671554252 0.05859375 0.06451612903225806
1 0.8544921875 0.7580645161290323 0.046875 0.054252199413489736
1 0.91015625 0.6356304985337243 0.0380859375 0.06744868035190615
1 0.935546875 0.6524926686217009 0.0322265625 0.04838709677419355
1 0.962890625 0.7250733137829912 0.0341796875 0.051319648093841645
1 0.93017578125 0.7631964809384164 0.05859375 0.0718475073313783
1 0.93603515625 0.7096774193548387 0.0517578125 0.060117302052785926
1 0.97265625 0.6019061583577713 0.0478515625 0.06451612903225806
1 0.8740234375 0.4435483870967742 0.0498046875 0.06744868035190615
1 0.939453125 0.4574780058651026 0.056640625 0.06598240469208211
1 0.93798828125 0.47287390029325516 0.0380859375 0.0469208211143695
1 0.95751953125 0.5395894428152492 0.0478515625 0.07038123167155426
1 0.9248046875 0.5234604105571847 0.041015625 0.05865102639296188
1 0.666015625 0.45161290322580644 0.0537109375 0.07038123167155426
1 0.6943359375 0.4941348973607038 0.029296875 0.03812316715542522
1 0.66357421875 0.5117302052785924 0.0361328125 0.04985337243401759
1 0.5849609375 0.532991202346041 0.048828125 0.06451612903225806
1 0.6083984375 0.6107038123167156 0.0341796875 0.05865102639296188
1 0.59521484375 0.6678885630498533 0.0341796875 0.06304985337243402
1 0.6484375 0.7074780058651027 0.0625 0.06598240469208211
1 0.48388671875 0.4846041055718475 0.05078125 0.06304985337243402
1 0.5419921875 0.6304985337243402 0.056640625 0.06451612903225806
1 0.45703125 0.6788856304985337 0.056640625 0.06451612903225806
1 0.34912109375 0.5351906158357771 0.05859375 0.0689149560117302
1 0.38720703125 0.6363636363636364 0.0380859375 0.05718475073313783
1 0.36181640625 0.4904692082111437 0.0341796875 0.05278592375366569
1 0.31298828125 0.5080645161290323 0.0302734375 0.07331378299120235
1 0.49951171875 0.6818181818181818 0.033203125 0.06598240469208211
1 0.44677734375 0.7661290322580645 0.0595703125 0.07331378299120235
1 0.53955078125 0.8966275659824047 0.044921875 0.06598240469208211
1 0.54443359375 0.8145161290322581 0.044921875 0.0747800586510264
1 0.587890625 0.7140762463343109 0.0419921875 0.05718475073313783
1 0.58447265625 0.782991202346041 0.0419921875 0.05571847507331378
1 0.62744140625 0.7719941348973607 0.0517578125 0.07624633431085044
1 0.2744140625 0.5681818181818182 0.064453125 0.06598240469208211
1 0.25732421875 0.6708211143695014 0.046875 0.060117302052785926
1 0.28466796875 0.7206744868035191 0.0263671875 0.06598240469208211
1 0.1923828125 0.7727272727272727 0.0625 0.0718475073313783
1 0.1396484375 0.8409090909090909 0.0556640625 0.07038123167155426
1 0.310546875 0.8922287390029325 0.060546875 0.07038123167155426
1 0.4130859375 0.8775659824046921 0.0546875 0.0689149560117302
1 0.0126953125 0.8555718475073314 0.025390625 0.0747800586510264
1 0.0263671875 0.7851906158357771 0.0439453125 0.0689149560117302
1 0.03076171875 0.623900293255132 0.0546875 0.07038123167155426
1 0.142578125 0.5791788856304986 0.033203125 0.0718475073313783
1 0.11181640625 0.5879765395894428 0.02734375 0.051319648093841645
1 0.15966796875 0.5219941348973607 0.0517578125 0.06158357771260997
1 0.17724609375 0.5139296187683284 0.0439453125 0.05571847507331378
1 0.19189453125 0.49193548387096775 0.0390625 0.0689149560117302
1 0.2255859375 0.49560117302052786 0.0390625 0.05718475073313783