1 0.12548828125 0.24560117302052786 0.2099609375 0.22140762463343108
1 0.28271484375 0.2221407624633431 0.177734375 0.24633431085043989
1 0.35986328125 0.250733137829912 0.1630859375 0.21114369501466276
1 0.70068359375 0.23020527859237536 0.103515625 0.2404692082111437
1 0.8798828125 0.26759530791788855 0.14453125 0.2434017595307918
1 0.931640625 0.22067448680351906 0.13671875 0.22434017595307917
1 0.83154296875 0.062316715542521994 0.0751953125 0.08504398826979472
1 0.8046875 0.2089442815249267 0.1064453125 0.23900293255131966
1 0.7021484375 0.10190615835777127 0.09375 0.10850439882697947
1 0.59619140625 0.21334310850439883 0.0947265625 0.25219941348973607
1 0.53662109375 0.18255131964809385 0.0830078125 0.24926686217008798