1 0.12255859375 0.25513196480938416 0.20703125 0.2155425219941349
1 0.279296875 0.2280058651026393 0.1748046875 0.24193548387096775
1 0.35693359375 0.25439882697947214 0.1611328125 0.20674486803519063
1 0.69755859375 0.22483870967741937 0.10067382812499992 0.2374193548387097
1 0.876982421875 0.25781524926686217 0.14137695312499998 0.23966275659824046
1 0.929814453125 0.2093401759530792 0.13629882812499994 0.2208797653958944
1 0.8262890625 0.05379765395894428 0.07468750000000002 0.08353372434017595
1 0.801357421875 0.2008651026392962 0.10387695312500012 0.23577712609970677
1 0.697421875 0.09658357771260997 0.09268554687500008 0.10541055718475072
1 0.592998046875 0.2110850439882698 0.09209960937499995 0.2504545454545455
1 0.532939453125 0.18183284457478008 0.0799511718749999 0.24695014662756595