1 0.1064453125 0.6471354166666666 0.142578125 0.15885416666666666
1 0.4599609375 0.6614583333333334 0.0986328125 0.15625
1 0.24169921875 0.6569010416666666 0.130859375 0.140625
1 0.3251953125 0.65234375 0.091796875 0.14192708333333334
1 0.56201171875 0.580078125 0.0810546875 0.10416666666666667
1 0.38671875 0.6497395833333334 0.0859375 0.13671875
1 0.5029296875 0.6334635416666666 0.0703125 0.10546875
1 0.35107421875 0.55859375 0.0439453125 0.041666666666666664
1 0.39306640625 0.5670572916666666 0.068359375 0.049479166666666664
1 0.4892578125 0.5286458333333334 0.033203125 0.032552083333333336
1 0.390625 0.5325520833333334 0.0380859375 0.02734375
1 0.306640625 0.546875 0.04296875 0.02734375
1 0.4443359375 0.5188802083333334 0.029296875 0.01953125
1 0.5146484375 0.5084635416666666 0.0380859375 0.024739583333333332
1 0.36181640625 0.533203125 0.03515625 0.022135416666666668
1 0.232421875 0.55859375 0.0791015625 0.037760416666666664
1 0.40771484375 0.5240885416666666 0.02734375 0.01953125
1 0.20849609375 0.572265625 0.068359375 0.026041666666666668
1 0.4765625 0.5709635416666666 0.080078125 0.08333333333333333
1 0.337890625 0.59375 0.0458984375 0.033854166666666664
1 0.421875 0.517578125 0.02734375 0.015625
1 0.32177734375 0.5852864583333334 0.02734375 0.020833333333333332
1 0.44482421875 0.5891927083333334 0.0390625 0.0234375
1 0.421875 0.595703125 0.05078125 0.0390625
1 0.50830078125 0.55078125 0.041015625 0.078125
1 0.46728515625 0.5052083333333334 0.0283203125 0.026041666666666668
1 0.212890625 0.5533854166666666 0.0302734375 0.018229166666666668
1 0.48779296875 0.5032552083333334 0.03125 0.020833333333333332
1 0.36376953125 0.5442708333333334 0.03125 0.022135416666666668
1 0.2890625 0.59375 0.037109375 0.024739583333333332
1 0.341796875 0.533203125 0.0263671875 0.020833333333333332
1 0.173828125 0.6380208333333334 0.076171875 0.12630208333333334
1 0.537109375 0.5188802083333334 0.0380859375 0.028645833333333332
1 0.27978515625 0.5494791666666666 0.029296875 0.028645833333333332
1 0.3818359375 0.5891927083333334 0.041015625 0.0234375
1 0.42822265625 0.5520833333333334 0.0400390625 0.057291666666666664
1 0.14990234375 0.5748697916666666 0.048828125 0.029947916666666668
1 0.39208984375 0.5123697916666666 0.0263671875 0.020833333333333332
1 0.1123046875 0.5833333333333334 0.0771484375 0.0390625
1 0.26953125 0.5787760416666666 0.0361328125 0.04296875
1 0.56103515625 0.5325520833333334 0.0830078125 0.059895833333333336