1 0.134765625 0.7447916666666666 0.1630859375 0.19270833333333334
1 0.48388671875 0.6686197916666666 0.119140625 0.17838541666666666
1 0.26904296875 0.7200520833333334 0.1484375 0.171875
1 0.35009765625 0.6940104166666666 0.1103515625 0.16276041666666666
1 0.572265625 0.5631510416666666 0.0947265625 0.12239583333333333
1 0.41015625 0.67578125 0.103515625 0.15625
1 0.52197265625 0.6302083333333334 0.083984375 0.12109375
1 0.3623046875 0.595703125 0.048828125 0.052083333333333336
1 0.40478515625 0.5930989583333334 0.07421875 0.06640625
1 0.49365234375 0.5305989583333334 0.037109375 0.040364583333333336
1 0.3974609375 0.5598958333333334 0.041015625 0.036458333333333336
1 0.31689453125 0.5950520833333334 0.0458984375 0.037760416666666664
1 0.4482421875 0.5325520833333334 0.03125 0.026041666666666668
1 0.515625 0.5045572916666666 0.041015625 0.033854166666666664
1 0.369140625 0.5677083333333334 0.0380859375 0.03125
1 0.24560546875 0.6256510416666666 0.0830078125 0.057291666666666664
1 0.4130859375 0.546875 0.029296875 0.026041666666666668
1 0.22412109375 0.6451822916666666 0.0712890625 0.04296875
1 0.4873046875 0.5755208333333334 0.0908203125 0.1015625
1 0.3544921875 0.6334635416666666 0.0498046875 0.044270833333333336
1 0.42578125 0.537109375 0.029296875 0.022135416666666668
1 0.33740234375 0.62890625 0.0302734375 0.02734375
1 0.45849609375 0.6015625 0.0419921875 0.032552083333333336
1 0.43701171875 0.6139322916666666 0.0556640625 0.05078125
1 0.515625 0.5475260416666666 0.0517578125 0.08723958333333333
1 0.46875 0.513671875 0.03125 0.032552083333333336
1 0.2255859375 0.6256510416666666 0.0322265625 0.026041666666666668
1 0.48828125 0.5065104166666666 0.033203125 0.028645833333333332
1 0.37255859375 0.578125 0.0341796875 0.029947916666666668
1 0.30615234375 0.6458333333333334 0.0400390625 0.033854166666666664
1 0.349609375 0.5729166666666666 0.029296875 0.02734375
1 0.19970703125 0.71875 0.0927734375 0.14322916666666666
1 0.5390625 0.5091145833333334 0.041015625 0.037760416666666664
1 0.291015625 0.6048177083333334 0.033203125 0.03515625
1 0.39697265625 0.6178385416666666 0.0439453125 0.033854166666666664
1 0.43701171875 0.5696614583333334 0.0478515625 0.06640625
1 0.1669921875 0.6627604166666666 0.0517578125 0.041666666666666664
1 0.39599609375 0.5397135416666666 0.029296875 0.02734375
1 0.13134765625 0.6803385416666666 0.0810546875 0.05859375
1 0.28515625 0.6360677083333334 0.0419921875 0.05078125
1 0.564453125 0.5162760416666666 0.08984375 0.07942708333333333