1 0.47119140625 0.746705710102489 0.0673828125 0.08931185944363104
1 0.43798828125 0.6683748169838946 0.0244140625 0.032210834553440704
1 0.513671875 0.6771595900439239 0.0244140625 0.03074670571010249
1 0.3828125 0.6742313323572474 0.029296875 0.03953147877013177
1 0.30615234375 0.6500732064421669 0.0185546875 0.03074670571010249
1 0.33837890625 0.6581259150805271 0.029296875 0.03806734992679356
1 0.45458984375 0.6559297218155198 0.021484375 0.03074670571010249
1 0.50048828125 0.664714494875549 0.013671875 0.03367496339677892
1 0.2568359375 0.6398243045387995 0.017578125 0.03513909224011713
1 0.416015625 0.6500732064421669 0.015625 0.024890190336749635
1 0.4267578125 0.650805270863836 0.0126953125 0.02635431918008785
1 0.3212890625 0.6420204978038068 0.017578125 0.03367496339677892
1 0.3916015625 0.6471449487554904 0.0166015625 0.024890190336749635
1 0.3720703125 0.6434846266471449 0.0166015625 0.021961932650073207
1 0.35791015625 0.6544655929721815 0.01953125 0.027818448023426062
1 0.294921875 0.6303074670571011 0.015625 0.021961932650073207
1 0.3603515625 0.6390922401171303 0.0185546875 0.020497803806734993
1 0.5751953125 0.7013177159590044 0.0205078125 0.048316251830161056
1 0.40771484375 0.6412884333821376 0.0166015625 0.021961932650073207
1 0.37451171875 0.6310395314787701 0.0126953125 0.016105417276720352
1 0.2275390625 0.6332357247437774 0.015625 0.02342606149341142
1 0.33984375 0.6288433382137628 0.013671875 0.01903367496339678
1 0.23681640625 0.6193265007320644 0.009765625 0.01903367496339678
1 0.35791015625 0.6251830161054173 0.0087890625 0.014641288433382138
1 0.318359375 0.6251830161054173 0.017578125 0.017569546120058566
1 0.4462890625 0.6412884333821376 0.0126953125 0.017569546120058566
1 0.390625 0.6325036603221084 0.017578125 0.016105417276720352
1 0.283203125 0.6259150805270863 0.015625 0.024890190336749635
1 0.41552734375 0.6339677891654466 0.013671875 0.014641288433382138
1 0.267578125 0.6178623718887262 0.015625 0.017569546120058566
1 0.30810546875 0.6303074670571011 0.0166015625 0.024890190336749635
1 0.70458984375 0.6742313323572474 0.0185546875 0.020497803806734993
1 0.2529296875 0.6178623718887262 0.013671875 0.01903367496339678
1 0.5361328125 0.650805270863836 0.0107421875 0.016105417276720352
1 0.51708984375 0.6449487554904831 0.009765625 0.014641288433382138
1 0.20458984375 0.6046852122986823 0.009765625 0.014641288433382138
1 0.5224609375 0.6478770131771596 0.0087890625 0.014641288433382138
1 0.21240234375 0.6266471449487555 0.0205078125 0.027818448023426062
1 0.833984375 0.7759882869692533 0.029296875 0.08345534407027819
1 0.29638671875 0.6178623718887262 0.0126953125 0.016105417276720352
1 0.7333984375 0.6544655929721815 0.0166015625 0.014641288433382138