1 0.48291015625 0.7489019033674963 0.0634765625 0.08345534407027819
1 0.446181640625 0.674714494875549 0.02344726562499999 0.029106881405563684
1 0.52201171875 0.6752708638360175 0.02271484374999999 0.028008784773060024
1 0.391416015625 0.6859736456808199 0.027470703124999996 0.03625183016105416
1 0.313388671875 0.6700439238653001 0.017216796874999996 0.029663250366032196
1 0.34619140625 0.674597364568082 0.02774414062499997 0.034699853587115734
1 0.462158203125 0.6599560761346999 0.020566406249999947 0.02923865300146417
1 0.50830078125 0.66398243045388 0.012333984375000107 0.03234260614934119
1 0.263916015625 0.6650805270863837 0.016406249999999956 0.03360175695461207
1 0.42333984375 0.6581259150805271 0.014287109374999996 0.023660322108345486
1 0.43408203125 0.6581259150805271 0.011962890625 0.025754026354319226
1 0.328369140625 0.6606881405563689 0.015898437499999973 0.03155197657393844
1 0.39892578125 0.6581259150805271 0.015429687499999956 0.023396778916544684
1 0.379150390625 0.6562957540263543 0.01530273437499996 0.02052708638360173
1 0.365478515625 0.6691068814055637 0.01791015625000003 0.026149341142020516
1 0.30126953125 0.6515373352855052 0.015126953125000009 0.021156661786237256
1 0.366943359375 0.6533674963396779 0.01791015625000003 0.019077598828696887
1 0.58447265625 0.6932650073206442 0.018828124999999973 0.04651537335285502
1 0.41455078125 0.6504392386530015 0.01602539062499997 0.020366032210834505
1 0.381103515625 0.6434846266471449 0.012099609374999987 0.015080527086383536
1 0.234375 0.6614202049780381 0.014453125000000011 0.022342606149341127
1 0.346435546875 0.6453147877013177 0.013027343750000031 0.01732064421669113
1 0.242802734375 0.6467789165446559 0.008876953124999976 0.017598828696925303
1 0.3642578125 0.6398243045387995 0.008125000000000049 0.013513909224011739
1 0.324462890625 0.6442166910688141 0.016464843750000013 0.015973645680819864
1 0.453125 0.6464128843338214 0.011503906249999973 0.015783308931185906
1 0.39697265625 0.6434846266471449 0.016787109375000053 0.014450951683748176
1 0.289794921875 0.6486090775988287 0.014179687499999982 0.02383601756954608
1 0.421875 0.6427525622254758 0.012724609374999973 0.013997071742313244
1 0.273681640625 0.6416544655929722 0.014667968749999982 0.01609077598828698
1 0.314453125 0.6504392386530015 0.015537109374999969 0.0226061493411421
1 0.71240234375 0.6526354319180088 0.017441406249999902 0.018711566617862333
1 0.2587890625 0.6431185944363104 0.012675781250000018 0.01732064421669113
1 0.54296875 0.6464128843338214 0.01016601562500008 0.014948755490483216
1 0.52392578125 0.6427525622254758 0.00918945312500008 0.013894582723279663
1 0.21033203125 0.6354319180087847 0.008671874999999996 0.013894582723279663
1 0.529296875 0.6453147877013177 0.008037109375000018 0.013997071742313244
1 0.218994140625 0.6562957540263543 0.019794921874999982 0.025373352855051306
1 0.84619140625 0.7401171303074671 0.025664062499999973 0.08158125915080532
1 0.30224609375 0.6387262079062958 0.012480468749999973 0.015197657393850652
1 0.740234375 0.6299414348462665 0.01602539062500008 0.013572474377745215