1 0.94970703125 0.6978319783197832 0.1005859375 0.27371273712737126
1 0.638671875 0.725609756097561 0.3466796875 0.2804878048780488
1 0.51416015625 0.7330623306233063 0.4384765625 0.3062330623306233
1 0.79541015625 0.725609756097561 0.2578125 0.2588075880758808
1 0.71533203125 0.49661246612466126 0.0703125 0.16260162601626016
1 0.9091796875 0.489159891598916 0.083984375 0.11246612466124661
1 0.40087890625 0.502710027100271 0.1318359375 0.16937669376693767
1 0.06298828125 0.4830623306233062 0.109375 0.16666666666666666
1 0.65673828125 0.5047425474254743 0.0947265625 0.15718157181571815
1 0.876953125 0.42005420054200543 0.0595703125 0.12059620596205962
1 0.11376953125 0.8529810298102981 0.14453125 0.21680216802168023
1 0.14892578125 0.5426829268292683 0.0810546875 0.2005420054200542
1 0.88818359375 0.5860433604336044 0.2119140625 0.0948509485094851
1 0.51611328125 0.4421409214092141 0.076171875 0.14173441734417347
1 0.54052734375 0.575880758807588 0.1689453125 0.07588075880758807
1 0.9482421875 0.4092140921409214 0.083984375 0.0975609756097561
1 0.69091796875 0.41124661246612465 0.08984375 0.06910569105691057
1 0.795859375 0.39387533875338754 0.08163085937499992 0.11807588075880757
1 0.568681640625 0.3847560975609756 0.05012695312499993 0.13127371273712737
1 0.668447265625 0.3937533875338753 0.11136718749999996 0.11054200542005425