1 0.95068359375 0.6084010840108401 0.0986328125 0.2899728997289973
1 0.66015625 0.6964769647696477 0.37109375 0.34417344173441733
1 0.53759765625 0.728319783197832 0.46484375 0.3875338753387534
1 0.81494140625 0.6666666666666666 0.28125 0.3062330623306233
1 0.712890625 0.45528455284552843 0.0859375 0.17479674796747968
1 0.904296875 0.4105691056910569 0.0947265625 0.12737127371273713
1 0.40234375 0.521680216802168 0.1474609375 0.1937669376693767
1 0.0654296875 0.5677506775067751 0.125 0.1856368563685637
1 0.65576171875 0.4742547425474255 0.109375 0.17344173441734417
1 0.865234375 0.34823848238482386 0.0712890625 0.13143631436314362
1 0.15283203125 0.9010840108401084 0.1650390625 0.1978319783197832
1 0.15673828125 0.6097560975609756 0.1005859375 0.2140921409214092
1 0.8916015625 0.5094850948509485 0.216796875 0.13550135501355012
1 0.51025390625 0.43970189701897017 0.08984375 0.15447154471544716
1 0.5478515625 0.5670731707317073 0.1748046875 0.10840108401084012
1 0.9345703125 0.3238482384823848 0.0927734375 0.11246612466124661
1 0.68017578125 0.37533875338753386 0.095703125 0.08536585365853659
1 0.7822265625 0.33807588075880757 0.0927734375 0.13279132791327913
1 0.556640625 0.37262872628726285 0.0625 0.13956639566395665
1 0.65625 0.3624661246612466 0.12109375 0.13143631436314362