1 0.600693359375 0.4946274509803921 0.13162109374999997 0.11576470588235287
1 0.0185546875 0.3457516339869281 0.0322265625 0.040522875816993466
1 0.05615234375 0.3287581699346405 0.03125 0.043137254901960784
1 0.07275390625 0.3287581699346405 0.0205078125 0.026143790849673203
1 0.380927734375 0.4229019607843137 0.06380859375000003 0.07329411764705888
1 0.252197265625 0.34705882352941175 0.036015624999999996 0.0450588235294118
1 0.185673828125 0.3611111111111111 0.042177734375 0.04563398692810453
1 0.169189453125 0.3286013071895425 0.020839843749999976 0.029843137254902015
1 0.1396484375 0.32958169934640524 0.0327734375 0.04684967320261442
1 0.499755859375 0.3892156862745098 0.081787109375 0.0986143790849674
1 0.58935546875 0.34967320261437906 0.03372070312499997 0.03776470588235292
1 0.470703125 0.3637254901960784 0.030214843750000053 0.05016993464052287
1 0.2958984375 0.39869281045751637 0.04620117187499995 0.04661437908496728
1 0.213505859375 0.3483660130718954 0.027373046874999973 0.04488888888888893
1 0.3056640625 0.3565359477124183 0.05877929687500005 0.06360784313725486
1 0.6357421875 0.35326797385620917 0.044677734375 0.0409934640522876