1 0.599609375 0.5202614379084968 0.1455078125 0.1477124183006536
1 0.04931640625 0.22549019607843138 0.037109375 0.048366013071895426
1 0.0888671875 0.21830065359477124 0.037109375 0.04967320261437908
1 0.10498046875 0.22287581699346407 0.0234375 0.03137254901960784
1 0.39404296875 0.3941176470588235 0.0732421875 0.08888888888888889
1 0.2783203125 0.28627450980392155 0.0419921875 0.05359477124183006
1 0.21142578125 0.28366013071895424 0.0478515625 0.05620915032679739
1 0.19970703125 0.24705882352941178 0.0244140625 0.03398692810457516
1 0.17041015625 0.24052287581699347 0.0390625 0.054901960784313725
1 0.515625 0.3915032679738562 0.0947265625 0.11764705882352941
1 0.609375 0.37516339869281046 0.0380859375 0.0457516339869281
1 0.49072265625 0.3588235294117647 0.037109375 0.05751633986928104
1 0.31396484375 0.3483660130718954 0.0517578125 0.05751633986928104
1 0.240234375 0.2777777777777778 0.033203125 0.050980392156862744
1 0.32958984375 0.30980392156862746 0.06640625 0.07712418300653595
1 0.654296875 0.3908496732026144 0.0498046875 0.05228758169934641