1 0.91748046875 0.42701664532650446 0.0986328125 0.06530089628681178
1 0.51416015625 0.4142125480153649 0.0908203125 0.07682458386683738
1 0.41943359375 0.4334186939820743 0.123046875 0.06658130601792574
1 0.42822265625 0.4795134443021767 0.146484375 0.07170294494238157
1 0.423828125 0.5121638924455826 0.1552734375 0.06530089628681178
1 0.53271484375 0.559539052496799 0.130859375 0.08962868117797695
1 0.73876953125 0.4020486555697823 0.0712890625 0.12419974391805377
1 0.79736328125 0.5019206145966709 0.08203125 0.13700384122919335
1 0.70703125 0.5518565941101152 0.1787109375 0.13700384122919335
1 0.91845703125 0.5384122919334187 0.0986328125 0.1523687580025608
1 0.8525390625 0.6011523687580026 0.1640625 0.1203585147247119
1 0.85107421875 0.7170294494238156 0.2138671875 0.24199743918053776
1 0.52734375 0.47247119078104993 0.09375 0.11395646606914213
1 0.43408203125 0.5800256081946222 0.197265625 0.14084507042253522
1 0.11328125 0.8245838668373879 0.2265625 0.3508322663252241
1 0.2041015625 0.6011523687580026 0.2841796875 0.18309859154929578
1 0.330078125 0.8162612035851472 0.3837890625 0.3674775928297055
1 0.583984375 0.8137003841229193 0.23828125 0.3725992317541613