1 0.6240234375 0.7526881720430108 0.12890625 0.3279569892473118
1 0.70068359375 0.7670250896057348 0.09765625 0.24014336917562723
1 0.583984375 0.775089605734767 0.1162109375 0.3064516129032258
1 0.15478515625 0.8951612903225806 0.1025390625 0.20967741935483872
1 0.51171875 0.7804659498207885 0.103515625 0.30286738351254483
1 0.45361328125 0.8028673835125448 0.09765625 0.2956989247311828
1 0.34521484375 0.8593189964157706 0.1083984375 0.24014336917562723
1 0.525390625 0.6487455197132617 0.0556640625 0.05913978494623656
1 0.20556640625 0.8915770609318996 0.1025390625 0.2168458781362007
1 0.39208984375 0.8449820788530465 0.0908203125 0.24014336917562723
1 0.962890625 0.7311827956989247 0.07421875 0.13261648745519714
1 0.2685546875 0.8691756272401434 0.1025390625 0.24731182795698925
1 0.86181640625 0.7849462365591398 0.1201171875 0.16487455197132617