1 0.59814453125 0.7885304659498208 0.1025390625 0.2992831541218638
1 0.67236328125 0.8270609318996416 0.078125 0.21863799283154123
1 0.556640625 0.7974910394265233 0.0908203125 0.28136200716845877
1 0.12158203125 0.7894265232974911 0.083984375 0.2060931899641577
1 0.48486328125 0.7795698924731183 0.078125 0.2831541218637993
1 0.42578125 0.7831541218637993 0.072265625 0.2777777777777778
1 0.3134765625 0.8046594982078853 0.08984375 0.21505376344086022
1 0.5107421875 0.6541218637992832 0.052734375 0.043010752688172046
1 0.171875 0.8010752688172043 0.083984375 0.2132616487455197
1 0.36083984375 0.8055555555555556 0.0712890625 0.22043010752688172
1 0.9501953125 0.8808243727598566 0.099609375 0.10215053763440861
1 0.2373046875 0.7894265232974911 0.0830078125 0.22401433691756273
1 0.8291015625 0.8960573476702509 0.109375 0.13261648745519714