1 0.07736328125 0.7599619771863118 0.0735546875 0.1750760456273765
1 0.166005859375 0.7661216730038023 0.10104492187500003 0.18992395437262352
1 0.30244140625 0.787661596958175 0.11952148437499999 0.19750950570342202
1 0.40412109375 0.7684790874524715 0.105712890625 0.19212927756653983
1 0.48880859375 0.7492965779467681 0.10853515624999999 0.19429657794676813
1 0.5947265625 0.7114638783269962 0.12014648437499997 0.18961977186311788
1 0.7141796875 0.7715779467680609 0.16047851562499993 0.19608365019011403
1 0.82419921875 0.7426235741444867 0.09102539062500004 0.21393536121672999
1 0.973701171875 0.7452471482889734 0.050732421875000044 0.2340114068441065
1 0.4071875 0.6608365019011407 0.08115234375000002 0.09022813688212934
1 0.229189453125 0.6687072243346007 0.08672851562500006 0.08494296577946758