1 0.06298828125 0.6425855513307985 0.0849609375 0.19391634980988592
1 0.150390625 0.6730038022813688 0.11328125 0.21482889733840305
1 0.28369140625 0.7309885931558935 0.1328125 0.22813688212927757
1 0.3857421875 0.7395437262357415 0.1181640625 0.21863117870722434
1 0.47119140625 0.7442965779467681 0.12109375 0.2224334600760456
1 0.57861328125 0.7347908745247148 0.1328125 0.22053231939163498
1 0.69287109375 0.8269961977186312 0.1728515625 0.2376425855513308
1 0.8037109375 0.8279467680608364 0.10546875 0.23574144486692014
1 0.95166015625 0.8716730038022814 0.0673828125 0.24524714828897337
1 0.396484375 0.6340304182509505 0.0869140625 0.11216730038022814
1 0.2197265625 0.594106463878327 0.091796875 0.10836501901140684