1 0.951025390625 0.8138950276243094 0.05419921875 0.13240331491712692
1 0.852392578125 0.7670441988950276 0.10955078125000006 0.1968922651933701
1 0.081845703125 0.6998204419889503 0.11001953124999997 0.14299723756906074
1 0.138720703125 0.6781767955801105 0.08321289062499998 0.15338397790055242
1 0.272412109375 0.711146408839779 0.06602539062500001 0.13897790055248635
1 0.228427734375 0.689682320441989 0.08364257812500003 0.14383977900552483
1 0.357392578125 0.6966988950276244 0.04916015625000003 0.14885359116022098
1 0.321884765625 0.6778314917127072 0.04669921875000005 0.13294198895027623
1 0.445224609375 0.7060635359116022 0.09430664062500005 0.15375690607734813
1 0.45833007812500004 0.6731767955801105 0.08646484374999996 0.11396408839779004
1 0.4830078125 0.689792817679558 0.09468750000000004 0.16899171270718236
1 0.583740234375 0.6845994475138121 0.11615234375000005 0.14649171270718225
1 0.646923828125 0.6820027624309392 0.07795898437499993 0.12918508287292813