1 0.947265625 0.8252762430939227 0.0556640625 0.13397790055248618
1 0.84912109375 0.7755524861878453 0.1123046875 0.19889502762430938
1 0.07958984375 0.6892265193370166 0.111328125 0.14502762430939226
1 0.13671875 0.6691988950276243 0.0849609375 0.15607734806629833
1 0.27001953125 0.7058011049723757 0.0673828125 0.1408839779005525
1 0.22607421875 0.6830110497237569 0.0849609375 0.1464088397790055
1 0.35498046875 0.6933701657458563 0.05078125 0.1505524861878453
1 0.31982421875 0.6733425414364641 0.0478515625 0.13397790055248618
1 0.44287109375 0.7044198895027625 0.095703125 0.15607734806629833
1 0.4560546875 0.6719613259668509 0.087890625 0.11602209944751381
1 0.48046875 0.6892265193370166 0.0966796875 0.1712707182320442
1 0.58154296875 0.68646408839779 0.1181640625 0.14917127071823205
1 0.64453125 0.6857734806629834 0.0791015625 0.13121546961325967