1 0.06510416666666667 0.56396484375 0.07942708333333333 0.056640625
1 0.181640625 0.5810546875 0.1328125 0.0634765625
1 0.17447916666666666 0.54541015625 0.061197916666666664 0.0283203125
1 0.173828125 0.51904296875 0.033854166666666664 0.0322265625
1 0.21419270833333334 0.51953125 0.03125 0.03515625
1 0.259765625 0.5224609375 0.033854166666666664 0.044921875
1 0.2962239583333333 0.5107421875 0.033854166666666664 0.037109375
1 0.48046875 0.734375 0.3528645833333333 0.17578125
1 0.412109375 0.51025390625 0.03515625 0.03515625
1 0.453125 0.51123046875 0.028645833333333332 0.03515625
1 0.482421875 0.50830078125 0.032552083333333336 0.0341796875
1 0.5716145833333334 0.6025390625 0.08984375 0.10546875
1 0.693359375 0.5771484375 0.10286458333333333 0.08984375
1 0.7161458333333334 0.50390625 0.053385416666666664 0.046875