1 0.06373697916666667 0.558359375 0.0780078125 0.05547851562499995
1 0.1796875 0.57666015625 0.13151041666666666 0.0615234375
1 0.1737630208333333 0.54138671875 0.061197916666666664 0.02734375
1 0.17319010416666666 0.514892578125 0.03363281249999998 0.03206054687499993
1 0.21389322916666667 0.5158203125 0.03022135416666664 0.03513671875000002
1 0.25916666666666666 0.519130859375 0.03338541666666665 0.04450195312499994
1 0.29584635416666666 0.50794921875 0.03311197916666667 0.03659179687500003
1 0.4752604166666667 0.73388671875 0.3489583333333333 0.1708984375
1 0.4116796875 0.5091796875 0.033854166666666664 0.03515625
1 0.45294270833333333 0.5105078125 0.02802083333333331 0.03515625
1 0.4825520833333334 0.507900390625 0.03149739583333341 0.0341796875
1 0.5690104166666666 0.603515625 0.08723958333333333 0.1044921875
1 0.6917708333333333 0.579453125 0.10106770833333319 0.08889648437499997
1 0.7159244791666667 0.50677734375 0.052604166666666785 0.04629882812500008