1 0.16162109375 0.13932291666666666 0.0615234375 0.0546875
1 0.18212890625 0.17643229166666666 0.06640625 0.055989583333333336
1 0.27587890625 0.341796875 0.05859375 0.059895833333333336
1 0.2734375 0.2766927083333333 0.064453125 0.0546875
1 0.3427734375 0.3313802083333333 0.0634765625 0.0703125
1 0.4091796875 0.2526041666666667 0.056640625 0.052083333333333336
1 0.5576171875 0.20833333333333334 0.0654296875 0.06901041666666667
1 0.58349609375 0.07421875 0.0380859375 0.061197916666666664
1 0.60888671875 0.12369791666666667 0.0654296875 0.057291666666666664
1 0.064453125 0.24739583333333334 0.0595703125 0.061197916666666664
1 0.07958984375 0.17122395833333334 0.0634765625 0.061197916666666664
1 0.05126953125 0.205078125 0.072265625 0.06380208333333333
1 0.0126953125 0.21614583333333334 0.025390625 0.06770833333333333