1 0.2138671875 0.06640625 0.056640625 0.041666666666666664
1 0.22900390625 0.107421875 0.0615234375 0.04296875
1 0.2998046875 0.2923177083333333 0.052734375 0.048177083333333336
1 0.30615234375 0.22786458333333334 0.0595703125 0.041666666666666664
1 0.3671875 0.2975260416666667 0.056640625 0.05859375
1 0.44287109375 0.23502604166666666 0.0517578125 0.040364583333333336
1 0.5947265625 0.22591145833333334 0.05859375 0.055989583333333336
1 0.6376953125 0.10026041666666667 0.03125 0.0546875
1 0.65625 0.15494791666666666 0.060546875 0.044270833333333336
1 0.1039453125 0.15014322916666667 0.05428710937500003 0.049843749999999964
1 0.12890625 0.07921875 0.057802734375 0.048216145833333335
1 0.0965625 0.105390625 0.066591796875 0.04932291666666666
1 0.035556640625 0.10319010416666667 0.06396484375 0.053671875