1 0.0673828125 0.44363103953147875 0.0302734375 0.0629575402635432
1 0.11083984375 0.4612005856515373 0.0927734375 0.10102489019033675
1 0.177734375 0.4956076134699854 0.052734375 0.05124450951683748
1 0.21875 0.5036603221083455 0.060546875 0.07174231332357248
1 0.421875 0.5841874084919473 0.25390625 0.24158125915080528
1 0.43359375 0.6383601756954612 0.1123046875 0.14202049780380674
1 0.51171875 0.6551976573938506 0.134765625 0.11566617862371889
1 0.62060546875 0.5497803806734992 0.103515625 0.09809663250366032
1 0.61962890625 0.5746705710102489 0.03125 0.0527086383601757
1 0.6884765625 0.5951683748169839 0.0458984375 0.048316251830161056
1 0.87841796875 0.7101024890190337 0.1474609375 0.16398243045387995
1 0.83447265625 0.6610541727672035 0.2470703125 0.2547584187408492