1 0.06591796875 0.5 0.02734375 0.060029282576866766
1 0.10986328125 0.5124450951683748 0.087890625 0.08931185944363104
1 0.1787109375 0.5380673499267935 0.0498046875 0.04538799414348463
1 0.22021484375 0.5402635431918009 0.056640625 0.06442166910688141
1 0.42724609375 0.5937042459736457 0.2421875 0.2108345534407028
1 0.44189453125 0.6464128843338214 0.10546875 0.12884333821376281
1 0.5205078125 0.6530014641288433 0.1298828125 0.09956076134699854
1 0.623046875 0.5336749633967789 0.0986328125 0.0849194729136164
1 0.62353515625 0.5585651537335286 0.0283203125 0.04978038067349927
1 0.693359375 0.5702781844802343 0.0439453125 0.0424597364568082
1 0.88916015625 0.6595900439238653 0.1396484375 0.14641288433382138
1 0.842744140625 0.616896046852123 0.23506835937500004 0.22464128843338207