1 0.33447265625 0.5249632892804699 0.0234375 0.01908957415565345
1 0.69140625 0.5741556534508077 0.0185546875 0.024963289280469897
1 0.72265625 0.5697503671071953 0.021484375 0.030837004405286344
1 0.88330078125 0.7254038179148311 0.07421875 0.13509544787077826
1 0.93896484375 0.5954478707782672 0.05859375 0.06754772393538913
1 0.9306640625 0.5609397944199707 0.0087890625 0.013215859030837005
1 0.65673828125 0.7000734214390602 0.06209960937499992 0.12839941262848759
1 0.416748046875 0.5245961820851689 0.027802734375000027 0.01979441997063145
1 0.498046875 0.5881057268722467 0.03949218750000005 0.045271659324522824
1 0.61865234375 0.5969162995594713 0.03125 0.058193832599118936
1 0.44775390625 0.526064610866373 0.02645507812500003 0.017180616740088174
1 0.08435546875 0.5502936857562408 0.03802734375 0.03814977973568284
1 0.6005859375 0.6596916299559471 0.05920898437500011 0.08888399412628484
1 0.046904296875 0.551762114537445 0.036708984375 0.03842878120411154
1 0.01541015625 0.5521292217327459 0.030810546875 0.03299559471365643
1 0.030156249999999996 0.5848017621145375 0.059755859375 0.03977973568281943
1 0.55419921875 0.6262848751835536 0.03970703125000008 0.049926578560939794