1 0.333984375 0.48604992657856094 0.025390625 0.024963289280469897
1 0.68115234375 0.618208516886931 0.0205078125 0.02936857562408223
1 0.712890625 0.6211453744493393 0.0244140625 0.03524229074889868
1 0.85498046875 0.8127753303964758 0.0869140625 0.1512481644640235
1 0.923828125 0.697503671071953 0.064453125 0.08076358296622614
1 0.9189453125 0.6615271659324523 0.009765625 0.014684287812041116
1 0.6337890625 0.7342143906020558 0.07421875 0.14096916299559473
1 0.4150390625 0.5044052863436124 0.029296875 0.02643171806167401
1 0.48876953125 0.5866372980910426 0.0439453125 0.05433186490455213
1 0.60693359375 0.6233480176211453 0.037109375 0.06461086637298091
1 0.44580078125 0.513215859030837 0.0283203125 0.023494860499265784
1 0.08447265625 0.45154185022026433 0.0419921875 0.04698972099853157
1 0.58251953125 0.6813509544787077 0.0673828125 0.1013215859030837
1 0.046875 0.44419970631424377 0.0400390625 0.04698972099853157
1 0.0166015625 0.4368575624082232 0.033203125 0.039647577092511016
1 0.029296875 0.47283406754772395 0.05859375 0.05286343612334802
1 0.54052734375 0.6372980910425844 0.0439453125 0.05873715124816446