1 0.1162109375 0.5319010416666666 0.0732421875 0.057291666666666664
1 0.2685546875 0.505859375 0.0732421875 0.09114583333333333
1 0.36083984375 0.6126302083333334 0.1171875 0.14453125
1 0.36474609375 0.515625 0.0966796875 0.08984375
1 0.87744140625 0.6705729166666666 0.2451171875 0.3125
1 0.7001953125 0.6393229166666666 0.205078125 0.296875
1 0.5126953125 0.6354166666666666 0.15625 0.24088541666666666
1 0.029296875 0.6458333333333334 0.056640625 0.16927083333333334
1 0.1357421875 0.6484375 0.1279296875 0.19270833333333334
1 0.29736328125 0.6647135416666666 0.169921875 0.2109375
1 0.2109375 0.5924479166666666 0.07421875 0.11197916666666667
1 0.931640625 0.501953125 0.103515625 0.08723958333333333
1 0.84375 0.4830729166666667 0.0615234375 0.049479166666666664
1 0.7265625 0.46875 0.0478515625 0.03125
1 0.65673828125 0.4778645833333333 0.0537109375 0.036458333333333336
1 0.45849609375 0.5924479166666666 0.123046875 0.15494791666666666
1 0.466796875 0.490234375 0.0498046875 0.059895833333333336
1 0.50830078125 0.4889322916666667 0.0908203125 0.04296875
1 0.39892578125 0.4973958333333333 0.0751953125 0.07421875
1 0.35302734375 0.4772135416666667 0.0517578125 0.044270833333333336
1 0.3154296875 0.4986979166666667 0.046875 0.046875
1 0.08935546875 0.5911458333333334 0.0771484375 0.13541666666666666
1 0.02783203125 0.548828125 0.0517578125 0.08333333333333333
1 0.029296875 0.51171875 0.052734375 0.06380208333333333
1 0.06494140625 0.5032552083333334 0.046875 0.059895833333333336
1 0.1123046875 0.5045572916666666 0.056640625 0.04296875
1 0.15966796875 0.4869791666666667 0.0439453125 0.033854166666666664
1 0.19921875 0.4869791666666667 0.056640625 0.041666666666666664
1 0.21337890625 0.5221354166666666 0.0595703125 0.057291666666666664
1 0.16650390625 0.5240885416666666 0.0634765625 0.06770833333333333