1 0.11572265625 0.5227864583333334 0.072265625 0.055989583333333336
1 0.2685546875 0.5006510416666666 0.072265625 0.08984375
1 0.359375 0.609375 0.115234375 0.14192708333333334
1 0.36474609375 0.5123697916666666 0.095703125 0.08723958333333333
1 0.87744140625 0.6796875 0.2451171875 0.3072916666666667
1 0.6982421875 0.6438802083333334 0.201171875 0.2916666666666667
1 0.5107421875 0.6354166666666666 0.1533203125 0.23697916666666666
1 0.02734375 0.634765625 0.0546875 0.16796875
1 0.1337890625 0.6399739583333334 0.125 0.19010416666666666
1 0.295029296875 0.66015625 0.1669921875 0.20703125
1 0.2099609375 0.5859375 0.0726953125 0.10994791666666674
1 0.931669921875 0.5122786458333334 0.10197265625000007 0.08515624999999998
1 0.84412109375 0.4909895833333333 0.06077148437500002 0.04807291666666661
1 0.726953125 0.4741666666666667 0.047900390624999956 0.029531249999999936
1 0.65716796875 0.48171875 0.05356445312499991 0.03502604166666664
1 0.457080078125 0.5912369791666666 0.12102539062499995 0.1524479166666667
1 0.467119140625 0.4892708333333333 0.049443359374999996 0.05837239583333339
1 0.508583984375 0.48891927083333336 0.09012695312499996 0.04119791666666665
1 0.39888671875 0.49476562500000004 0.07467773437500003 0.07209635416666667
1 0.353564453125 0.47381510416666667 0.050986328125000036 0.04257812500000006
1 0.315703125 0.4944140625 0.046347656250000036 0.04532552083333341
1 0.08806640625 0.5812890625 0.0751953125 0.13390625000000003
1 0.027041015625 0.5380208333333333 0.050986328125 0.08171874999999999
1 0.0291015625 0.5009375 0.052021484375 0.06248697916666668
1 0.065146484375 0.4933854166666667 0.04583984375 0.05837239583333339
1 0.112275390625 0.49545572916666664 0.05562499999999998 0.04188802083333328
1 0.159912109375 0.4789713541666667 0.043779296874999984 0.032278645833333286
1 0.1995703125 0.48 0.05613281250000002 0.03983072916666671
1 0.212958984375 0.515703125 0.05922851562499998 0.056315104166666664
1 0.16634765625 0.5160546874999999 0.06283203124999998 0.0666145833333333