1 0.89111328125 0.8538663171690695 0.0859375 0.10091743119266056
1 0.045771484375 0.767745740498034 0.054853515625 0.045150720838794296
1 0.040810546875 0.4972870249017038 0.030566406249999997 0.025478374836173073
1 0.05615234375 0.49934469200524245 0.0078125 0.007863695937090432
1 0.075751953125 0.4857667103538663 0.026240234375000004 0.015937090432503236
1 0.169638671875 0.6900393184796855 0.037685546874999976 0.045347313237221375
1 0.30650390625 0.5196592398427261 0.029179687499999996 0.0192922673656619
1 0.377373046875 0.5588859764089122 0.03419921874999998 0.027719528178243746
1 0.44921875 0.7136304062909568 0.0478515625 0.03145478374836173
1 0.46080078125 0.7642857142857142 0.07087890625000004 0.07020969855832233
1 0.448173828125 0.5616906946264745 0.014101562500000053 0.01723460026212317
1 0.539130859375 0.5924901703800787 0.017031250000000053 0.01872870249017033
1 0.562705078125 0.6128964613368283 0.014238281249999929 0.023224115334207113
1 0.6044921875 0.6153342070773263 0.03239257812500007 0.02209698558322413
1 0.73681640625 0.6952817824377457 0.02734375 0.04062909567496723
1 0.76318359375 0.7195281782437746 0.0458984375 0.02621231979030144
1 0.8642578125 0.6218872870249017 0.01953125 0.010484927916120577
1 0.87646484375 0.6120576671035387 0.0126953125 0.014416775884665793
1 0.009609375 0.49842726081258193 0.019208984375 0.015019659239842774
1 0.337587890625 0.50608125819135 0.013798828124999996 0.01648754914809966