1 0.876953125 0.8807339449541285 0.08984375 0.10747051114023591
1 0.0361328125 0.7352555701179554 0.056640625 0.04849279161205767
1 0.04150390625 0.46526867627785057 0.03125 0.027522935779816515
1 0.056640625 0.46788990825688076 0.0078125 0.007863695937090432
1 0.07666015625 0.45609436435124506 0.0263671875 0.01834862385321101
1 0.16259765625 0.6664482306684142 0.0390625 0.04849279161205767
1 0.30615234375 0.5058977719528178 0.0302734375 0.020969855832241154
1 0.37548828125 0.5504587155963303 0.03515625 0.03014416775884666
1 0.44091796875 0.7096985583224116 0.048828125 0.035386631716906945
1 0.45068359375 0.7614678899082569 0.0732421875 0.07470511140235911
1 0.44580078125 0.5576671035386632 0.0146484375 0.01834862385321101
1 0.53564453125 0.5950196592398427 0.017578125 0.019659239842726082
1 0.55810546875 0.617300131061599 0.0146484375 0.023591087811271297
1 0.599609375 0.6225425950196593 0.033203125 0.02490170380078637
1 0.72900390625 0.7116644823066841 0.029296875 0.04193971166448231
1 0.75439453125 0.7378768020969856 0.046875 0.028833551769331587
1 0.85888671875 0.6474442988204456 0.01953125 0.011795543905635648
1 0.87158203125 0.6382699868938401 0.013671875 0.015727391874180863
1 0.01025390625 0.4639580602883355 0.01953125 0.015727391874180863
1 0.33740234375 0.4947575360419397 0.0146484375 0.01703800786369594