1 0.08740234375 0.5373900293255132 0.154296875 0.22727272727272727
1 0.36767578125 0.6693548387096774 0.158203125 0.22727272727272727
1 0.2373046875 0.5894428152492669 0.119140625 0.18621700879765396
1 0.11083984375 0.5843108504398827 0.1162109375 0.18621700879765396
1 0.5185546875 0.6620234604105572 0.1142578125 0.18181818181818182
1 0.31298828125 0.5425219941348973 0.1083984375 0.1598240469208211
1 0.64599609375 0.593841642228739 0.123046875 0.19794721407624633
1 0.7802734375 0.5527859237536656 0.0927734375 0.15249266862170088
1 0.68115234375 0.45454545454545453 0.052734375 0.08797653958944282
1 0.4326171875 0.5535190615835777 0.1220703125 0.1774193548387097
1 0.853515625 0.5366568914956011 0.0595703125 0.12609970674486803
1 0.828125 0.4112903225806452 0.033203125 0.026392961876832845
1 0.56396484375 0.5395894428152492 0.095703125 0.1627565982404692
1 0.96533203125 0.45058651026392965 0.0400390625 0.08665689149560121
1 0.38671875 0.4750733137829912 0.0712890625 0.08797653958944282
1 0.69091796875 0.4010263929618768 0.029296875 0.03372434017595308
1 0.632802734375 0.39124633431085043 0.06251953124999998 0.047419354838709724
1 0.75439453125 0.3956744868035191 0.0302734375 0.04013196480938417
1 0.87646484375 0.4186217008797654 0.015625 0.016129032258064516
1 0.4306640625 0.4530791788856305 0.0341796875 0.03372434017595308
1 0.7421875 0.4640762463343108 0.0625 0.08944281524926687
1 0.80078125 0.4244868035190616 0.037109375 0.051319648093841645
1 0.72103515625 0.42590909090909096 0.037109375 0.07771260997067449
1 0.85791015625 0.41055718475073316 0.0244140625 0.020527859237536656
1 0.85595703125 0.43328445747800587 0.0341796875 0.06158357771260997
1 0.673935546875 0.38958944281524927 0.06564453125000003 0.04312316715542518
1 0.6189453125 0.42983870967741933 0.05624023437499992 0.04060117302052794
1 0.346796875 0.35385630498533727 0.06615234375000001 0.03225806451612903
1 0.5166015625 0.4318181818181818 0.033203125 0.03225806451612903
1 0.47998046875 0.48826979472140764 0.0849609375 0.093841642228739
1 0.623046875 0.4604105571847507 0.0615234375 0.09237536656891496
1 0.46630859375 0.43328445747800587 0.078125 0.04105571847507331
1 0.57986328125 0.4479472140762463 0.01953125 0.03519061583577713
1 0.89330078125 0.47005865102639294 0.04972656250000007 0.11762463343108509
1 0.87158203125 0.4252199413489736 0.0263671875 0.04105571847507331
1 0.8021484375 0.46114369501466274 0.06746093749999993 0.03951612903225813
1 0.17287109375 0.3396774193548387 0.06493164062500001 0.03766862170087976
1 0.83935546875 0.49486803519061584 0.0556640625 0.0747800586510264
1 0.97828125 0.4904692082111437 0.038613281249999964 0.08771260997067457
1 0.4130859375 0.4406158357771261 0.021484375 0.01466275659824047
1 0.89375 0.4504398826979472 0.05421874999999998 0.09151026392961872
1 0.10986328125 0.3387096774193548 0.0615234375 0.026392961876832845
1 0.585107421875 0.3831818181818182 0.08077148437500004 0.04888563049853377
1 0.7841796875 0.4208211143695015 0.0263671875 0.051319648093841645
1 0.5068359375 0.4244868035190616 0.0166015625 0.02346041055718475
1 0.8076171875 0.40001466275659825 0.0185546875 0.01466275659824047
1 0.54142578125 0.43190615835777124 0.06754882812500007 0.026583577712609965
1 0.49853515625 0.42302052785923755 0.015625 0.024926686217008796
1 0.90759765625 0.4413782991202346 0.062255859375 0.0997653958944281
1 0.603515625 0.4838709677419355 0.0234375 0.04985337243401759
1 0.99365234375 0.4310850439882698 0.0126953125 0.02932551319648094
1 0.48291015625 0.37976539589442815 0.0576171875 0.036656891495601175
1 0.1376953125 0.46920821114369504 0.0478515625 0.054252199413489736
1 0.50927734375 0.5725806451612904 0.0927734375 0.08651026392961877
1 0.99267578125 0.5183284457478006 0.0146484375 0.08944281524926687
1 0.839130859375 0.44598240469208217 0.06632812500000007 0.05197947214076253
1 0.659619140625 0.4686803519061583 0.055419921875 0.0801906158357772