1 0.087890625 0.5483870967741935 0.1572265625 0.2316715542521994
1 0.36962890625 0.6730205278592375 0.1611328125 0.2316715542521994
1 0.23828125 0.5960410557184751 0.12109375 0.18914956011730205
1 0.11181640625 0.594574780058651 0.1181640625 0.18914956011730205
1 0.5205078125 0.6612903225806451 0.1162109375 0.18475073313782991
1 0.3134765625 0.5476539589442815 0.1103515625 0.1627565982404692
1 0.64697265625 0.5901759530791789 0.125 0.20087976539589442
1 0.78076171875 0.5454545454545454 0.0947265625 0.15542521994134897
1 0.6806640625 0.4501466275659824 0.0537109375 0.08944281524926687
1 0.43310546875 0.5549853372434017 0.1240234375 0.18035190615835778
1 0.85400390625 0.5271260997067448 0.060546875 0.12756598240469208
1 0.8271484375 0.40249266862170086 0.033203125 0.02785923753665689
1 0.564453125 0.5381231671554252 0.09765625 0.1656891495601173
1 0.96484375 0.43841642228739003 0.041015625 0.08797653958944282
1 0.38623046875 0.4780058651026393 0.072265625 0.08944281524926687
1 0.68994140625 0.39589442815249265 0.029296875 0.03519061583577713
1 0.63134765625 0.3878299120234604 0.0634765625 0.04838709677419355
1 0.7529296875 0.38929618768328444 0.0302734375 0.04105571847507331
1 0.87548828125 0.4090909090909091 0.015625 0.016129032258064516
1 0.43017578125 0.45454545454545453 0.0341796875 0.03519061583577713
1 0.74169921875 0.4574780058651026 0.0634765625 0.09090909090909091
1 0.7998046875 0.41642228739002934 0.0380859375 0.05278592375366569
1 0.72021484375 0.42008797653958946 0.0380859375 0.07917888563049853
1 0.85693359375 0.4010263929618768 0.0244140625 0.020527859237536656
1 0.85498046875 0.4237536656891496 0.03515625 0.06304985337243402
1 0.6728515625 0.3848973607038123 0.06640625 0.045454545454545456
1 0.6181640625 0.42668621700879766 0.056640625 0.04252199413489736
1 0.34521484375 0.35777126099706746 0.06640625 0.03372434017595308
1 0.515625 0.4310850439882698 0.033203125 0.03372434017595308
1 0.47998046875 0.48900293255131966 0.0859375 0.0967741935483871
1 0.62255859375 0.4574780058651026 0.0625 0.093841642228739
1 0.46533203125 0.4340175953079179 0.078125 0.04252199413489736
1 0.5791015625 0.44574780058651026 0.01953125 0.03519061583577713
1 0.89306640625 0.4596774193548387 0.05078125 0.1187683284457478
1 0.87060546875 0.4156891495601173 0.0263671875 0.04105571847507331
1 0.8017578125 0.4530791788856305 0.068359375 0.04105571847507331
1 0.1708984375 0.34824046920821117 0.0654296875 0.039589442815249266
1 0.83935546875 0.48607038123167157 0.056640625 0.07624633431085044
1 0.97802734375 0.4780058651026393 0.0400390625 0.08944281524926687
1 0.41259765625 0.44281524926686217 0.021484375 0.01466275659824047
1 0.89306640625 0.4398826979472141 0.0556640625 0.09237536656891496
1 0.10791015625 0.3489736070381232 0.0615234375 0.02785923753665689
1 0.58349609375 0.3812316715542522 0.0810546875 0.051319648093841645
1 0.783203125 0.41348973607038125 0.02734375 0.051319648093841645
1 0.505859375 0.4244868035190616 0.0166015625 0.02346041055718475
1 0.806640625 0.39222873900293254 0.0185546875 0.01466275659824047
1 0.54052734375 0.4310850439882698 0.0673828125 0.02785923753665689
1 0.49755859375 0.42302052785923755 0.015625 0.024926686217008796
1 0.90673828125 0.4303519061583578 0.0634765625 0.10117302052785923
1 0.603515625 0.4809384164222874 0.0244140625 0.04985337243401759
1 0.99267578125 0.4178885630498534 0.0126953125 0.02932551319648094
1 0.4814453125 0.38049853372434017 0.0576171875 0.03812316715542522
1 0.13720703125 0.47873900293255134 0.048828125 0.05571847507331378
1 0.51025390625 0.5725806451612904 0.09375 0.08944281524926687
1 0.9921875 0.5051319648093842 0.015625 0.08944281524926687
1 0.83837890625 0.436950146627566 0.0673828125 0.054252199413489736
1 0.6591796875 0.46480938416422285 0.056640625 0.08211143695014662