1 0.384765625 0.4615885416666667 0.4033203125 0.38671875
1 0.6083984375 0.27734375 0.2587890625 0.19921875
1 0.79443359375 0.19661458333333334 0.29296875 0.2682291666666667
1 0.775390625 0.11328125 0.115234375 0.13671875
1 0.830078125 0.099609375 0.248046875 0.19921875
1 0.71337890625 0.0859375 0.2373046875 0.171875
1 0.57470703125 0.12044270833333333 0.0986328125 0.13802083333333334
1 0.43115234375 0.11393229166666667 0.1884765625 0.18619791666666666
1 0.4287109375 0.24609375 0.1533203125 0.2604166666666667
1 0.60009765625 0.3118489583333333 0.3056640625 0.3098958333333333
1 0.63671875 0.4596354166666667 0.419921875 0.4166666666666667
1 0.38916015625 0.4622395833333333 0.3955078125 0.39453125
1 0.34619140625 0.689453125 0.2099609375 0.3736979166666667
1 0.53515625 0.6686197916666666 0.4658203125 0.5026041666666666
1 0.201171875 0.421875 0.3232421875 0.3919270833333333
1 0.10546875 0.3248697916666667 0.1845703125 0.18359375
1 0.13037109375 0.20442708333333334 0.087890625 0.11458333333333333
1 0.1357421875 0.24934895833333334 0.2177734375 0.19401041666666666
1 0.24169921875 0.181640625 0.1220703125 0.16015625