1 0.392578125 0.4329427083333333 0.3671875 0.2981770833333333
1 0.63818359375 0.3092447916666667 0.2431640625 0.13932291666666666
1 0.83251953125 0.27734375 0.2685546875 0.203125
1 0.82568359375 0.19075520833333334 0.1005859375 0.11328125
1 0.88525390625 0.1640625 0.2236328125 0.20182291666666666
1 0.7744140625 0.11067708333333333 0.212890625 0.19791666666666666
1 0.62744140625 0.146484375 0.0830078125 0.11848958333333333
1 0.48779296875 0.103515625 0.1708984375 0.14583333333333334
1 0.46630859375 0.232421875 0.1220703125 0.23307291666666666
1 0.625 0.3404947916666667 0.275390625 0.24479166666666666
1 0.64013671875 0.4954427083333333 0.3798828125 0.3255208333333333
1 0.396484375 0.4348958333333333 0.357421875 0.3098958333333333
1 0.32177734375 0.6471354166666666 0.1640625 0.3385416666666667
1 0.51025390625 0.6744791666666666 0.4150390625 0.4049479166666667
1 0.2177734375 0.3470052083333333 0.28125 0.3268229166666667
1 0.1376953125 0.22786458333333334 0.1669921875 0.14322916666666666
1 0.1796875 0.11588541666666667 0.0751953125 0.09765625
1 0.17822265625 0.16145833333333334 0.2001953125 0.14583333333333334
1 0.2919921875 0.12174479166666667 0.1044921875 0.13541666666666666