1 0.190693359375 0.5514192708333333 0.087587890625 0.16851562499999995
1 0.321455078125 0.5593489583333333 0.14904296875 0.16600260416666668
1 0.702109375 0.4562890625 0.1664062500000001 0.10845052083333329
1 0.08587890625 0.5947265625 0.115966796875 0.19222656250000014
1 0.84326171875 0.3860677083333333 0.07159179687499995 0.053671875000000036
1 0.712890625 0.3740234375 0.06198242187500003 0.043294270833333336
1 0.151611328125 0.4274088541666667 0.03662109375 0.037929687499999996
1 0.43212890625 0.4850260416666667 0.112431640625 0.08415364583333333
1 0.211552734375 0.4498697916666667 0.07171875 0.048828125
1 0.086181640625 0.4554036458333333 0.096005859375 0.051601562499999996
1 0.78515625 0.3955078125 0.056640625 0.040442708333333265
1 0.77294921875 0.3642578125 0.04611328125000003 0.03460937500000005
1 0.89599609375 0.3707682291666667 0.0728808593750001 0.054361979166666664
1 0.03927734375 0.4814453125 0.064755859375 0.046067708333333325
1 0.6630859375 0.4182942708333333 0.1087695312500001 0.03664062499999998
1 0.2646484375 0.5152994791666666 0.06841796874999995 0.19255208333333332
1 0.074765625 0.40234375 0.049228515625 0.028541666666666615
1 0.73388671875 0.40234375 0.05965820312499992 0.03480468750000002
1 0.89501953125 0.4173177083333333 0.05624023437499992 0.048671874999999996
1 0.035556640625 0.5582682291666666 0.06244140625 0.16846354166666666
1 0.344775390625 0.44277343750000003 0.12759765624999997 0.08992187500000008