1 0.1884765625 0.4791666666666667 0.1083984375 0.18619791666666666
1 0.31640625 0.5169270833333334 0.16796875 0.19791666666666666
1 0.70458984375 0.50390625 0.177734375 0.14583333333333334
1 0.07958984375 0.4973958333333333 0.1396484375 0.21614583333333334
1 0.85302734375 0.4674479166666667 0.0771484375 0.06901041666666667
1 0.72607421875 0.4251302083333333 0.06640625 0.057291666666666664
1 0.16650390625 0.34765625 0.041015625 0.045572916666666664
1 0.43505859375 0.4694010416666667 0.1220703125 0.109375
1 0.22265625 0.3841145833333333 0.0771484375 0.06510416666666667
1 0.09814453125 0.3600260416666667 0.1015625 0.07291666666666667
1 0.79443359375 0.462890625 0.0615234375 0.053385416666666664
1 0.78662109375 0.4296875 0.0498046875 0.044270833333333336
1 0.90673828125 0.4641927083333333 0.0791015625 0.0703125
1 0.048828125 0.375 0.0693359375 0.059895833333333336
1 0.67138671875 0.45703125 0.1123046875 0.061197916666666664
1 0.26611328125 0.4602864583333333 0.0927734375 0.20572916666666666
1 0.09375 0.3053385416666667 0.0517578125 0.0390625
1 0.7431640625 0.4576822916666667 0.0634765625 0.048177083333333336
1 0.89990234375 0.509765625 0.0615234375 0.061197916666666664
1 0.0380859375 0.4498697916666667 0.076171875 0.18098958333333334
1 0.3544921875 0.4075520833333333 0.1376953125 0.11848958333333333