1 0.2783203125 0.5533854166666666 0.1015625 0.24479166666666666
1 0.95166015625 0.3515625 0.0966796875 0.1328125
1 0.83935546875 0.54296875 0.1357421875 0.3229166666666667
1 0.5576171875 0.6204427083333334 0.169921875 0.3072916666666667
1 0.37158203125 0.6184895833333334 0.12109375 0.265625
1 0.796875 0.6145833333333334 0.12109375 0.3111979166666667
1 0.703125 0.6119791666666666 0.0810546875 0.2643229166666667
1 0.28955078125 0.6009114583333334 0.06640625 0.20963541666666666
1 0.744140625 0.4615885416666667 0.1533203125 0.11197916666666667
1 0.89111328125 0.3580729166666667 0.0712890625 0.09375
1 0.81982421875 0.3639322916666667 0.0498046875 0.07161458333333333