1 0.7625 0.777014705882353 0.07371093750000002 0.2529264705882353
1 0.894296875 0.7795294117647059 0.1229199218749999 0.231720588235294
1 0.97060546875 0.729485294117647 0.05877929687500005 0.1988382352941177
1 0.85095703125 0.6604705882352941 0.0472265624999999 0.14277941176470593
1 0.806904296875 0.6753823529411764 0.04220703125000003 0.1704558823529413
1 0.765302734375 0.6587647058823529 0.07395507812500002 0.148
1 0.71921875 0.7065588235294117 0.07730468750000008 0.22849999999999998
1 0.65869140625 0.6529117647058824 0.03744140624999992 0.1578823529411765
1 0.586767578125 0.6280294117647058 0.04640624999999998 0.17711764705882344
1 0.567734375 0.4206176470588235 0.025097656250000044 0.059985294117647005
1 0.60802734375 0.48613235294117646 0.026894531249999964 0.04217647058823522
1 0.665029296875 0.5546176470588235 0.04779296875000005 0.06697058823529406
1 0.7395703125 0.5582058823529411 0.0523535156249999 0.07416176470588227
1 0.791025390625 0.53925 0.04769531249999992 0.07075000000000002
1 0.8753125 0.5295441176470588 0.04866210937499993 0.06858823529411763
1 0.890048828125 0.4796617647058824 0.03947265625000007 0.058720588235294045
1 0.976298828125 0.5915441176470588 0.04724609375000011 0.11710294117647058
1 0.92556640625 0.6138235294117647 0.04604492187500009 0.1012794117647059
1 0.892734375 0.6298235294117647 0.05916992187499992 0.11601470588235292
1 0.703818359375 0.4572941176470588 0.03228515624999995 0.062147058823529396
1 0.628671875 0.44525 0.03214843750000007 0.05567647058823531
1 0.807265625 0.48217647058823526 0.03432617187500009 0.05367647058823529