1 0.77490234375 0.7485294117647059 0.0849609375 0.26029411764705884
1 0.90625 0.7375 0.1337890625 0.24411764705882352
1 0.97314453125 0.6786764705882353 0.0537109375 0.20441176470588235
1 0.857421875 0.6235294117647059 0.0537109375 0.14705882352941177
1 0.814453125 0.6426470588235295 0.0498046875 0.175
1 0.77197265625 0.6301470588235294 0.0810546875 0.15588235294117647
1 0.72802734375 0.6830882352941177 0.087890625 0.23676470588235293
1 0.66552734375 0.6360294117647058 0.044921875 0.16176470588235295
1 0.59228515625 0.6183823529411765 0.0546875 0.18088235294117647
1 0.56396484375 0.4139705882352941 0.02734375 0.061764705882352944
1 0.60693359375 0.475 0.0283203125 0.045588235294117645
1 0.6669921875 0.5375 0.05078125 0.07205882352941176
1 0.74169921875 0.5330882352941176 0.0556640625 0.07941176470588235
1 0.7919921875 0.5088235294117647 0.05078125 0.075
1 0.8759765625 0.48970588235294116 0.0517578125 0.07352941176470588
1 0.88818359375 0.4389705882352941 0.0419921875 0.06323529411764706
1 0.9765625 0.5404411764705882 0.046875 0.12205882352941176
1 0.9296875 0.5691176470588235 0.05078125 0.10588235294117647
1 0.89794921875 0.5882352941176471 0.064453125 0.12205882352941176
1 0.701171875 0.4360294117647059 0.03515625 0.06470588235294118
1 0.6259765625 0.43161764705882355 0.0341796875 0.058823529411764705
1 0.8056640625 0.45 0.037109375 0.057352941176470586