1 0.7685546875 0.348816029143898 0.189453125 0.3861566484517304
1 0.0390625 0.30965391621129323 0.078125 0.17486338797814208
1 0.12353515625 0.5500910746812386 0.2470703125 0.6193078324225865
1 0.162109375 0.6821493624772313 0.32421875 0.6102003642987249
1 0.32763671875 0.29508196721311475 0.0751953125 0.08378870673952642
1 0.4541015625 0.5136612021857924 0.1630859375 0.2459016393442623
1 0.513671875 0.40619307832422585 0.2744140625 0.47540983606557374
1 0.82763671875 0.16757741347905283 0.0302734375 0.06375227686703097
1 0.90869140625 0.37340619307832423 0.0791015625 0.2167577413479053
1 0.9365234375 0.17395264116575593 0.1142578125 0.24043715846994534
1 0.962890625 0.28324225865209474 0.064453125 0.11475409836065574