1 0.7724609375 0.37522768670309653 0.1796875 0.3697632058287796
1 0.041015625 0.2650273224043716 0.08203125 0.16757741347905283
1 0.119140625 0.5136612021857924 0.23828125 0.5974499089253188
1 0.15625 0.6484517304189436 0.3125 0.581056466302368
1 0.33349609375 0.2786885245901639 0.0732421875 0.07650273224043716
1 0.45361328125 0.5091074681238615 0.1572265625 0.23132969034608378
1 0.51611328125 0.4080145719489982 0.26171875 0.44990892531876137
1 0.83642578125 0.20036429872495445 0.0283203125 0.061930783242258654
1 0.91162109375 0.4134790528233151 0.0732421875 0.20947176684881602
1 0.9453125 0.2167577413479053 0.1083984375 0.22950819672131148
1 0.96826171875 0.32877959927140255 0.0615234375 0.1092896174863388